>ATGASTCATN	1-ATGASTCATN	6.569918	-135.684792	0	T:2645.0(9.63%),B:25054.3(6.99%),P:1e-58	Tpos:100.4,Tstd:46.1,Bpos:100.9,Bstd:48.9,StrandBias:-0.0,Multiplicity:1.07
0.465	0.130	0.279	0.126
0.061	0.001	0.125	0.813
0.090	0.095	0.554	0.261
0.822	0.006	0.034	0.138
0.193	0.312	0.382	0.113
0.105	0.089	0.078	0.728
0.251	0.646	0.059	0.044
0.803	0.083	0.041	0.073
0.091	0.228	0.195	0.486
0.296	0.256	0.241	0.206
>GTTATATAAT	2-GTTATATAAT	9.065750	-53.669896	0	T:453.0(1.65%),B:3548.9(0.99%),P:1e-23	Tpos:100.7,Tstd:52.0,Bpos:101.0,Bstd:52.9,StrandBias:0.1,Multiplicity:1.02
0.080	0.056	0.863	0.001
0.001	0.001	0.001	0.997
0.001	0.001	0.001	0.997
0.910	0.068	0.021	0.001
0.001	0.193	0.001	0.805
0.815	0.001	0.124	0.060
0.001	0.001	0.001	0.997
0.907	0.030	0.001	0.062
0.979	0.011	0.009	0.001
0.070	0.077	0.034	0.819
>GGAGTGCAGT	3-GGAGTGCAGT	7.337234	-41.059849	0	T:1705.0(6.21%),B:17971.4(5.02%),P:1e-17	Tpos:99.3,Tstd:53.0,Bpos:100.4,Bstd:54.2,StrandBias:-0.1,Multiplicity:1.03
0.062	0.110	0.790	0.038
0.064	0.051	0.807	0.078
0.765	0.027	0.111	0.097
0.034	0.048	0.885	0.033
0.035	0.038	0.066	0.861
0.078	0.065	0.790	0.067
0.040	0.801	0.042	0.117
0.698	0.058	0.123	0.121
0.066	0.077	0.792	0.065
0.078	0.049	0.058	0.815
>CGCCCCAGCT	4-CGCCCCAGCT	7.174665	-35.124291	0	T:2207.0(8.03%),B:24299.1(6.78%),P:1e-15	Tpos:101.7,Tstd:53.9,Bpos:99.9,Bstd:56.4,StrandBias:0.1,Multiplicity:1.08
0.118	0.743	0.087	0.052
0.100	0.050	0.766	0.084
0.084	0.757	0.079	0.080
0.070	0.849	0.032	0.049
0.102	0.776	0.058	0.064
0.100	0.809	0.059	0.032
0.783	0.055	0.074	0.088
0.078	0.074	0.808	0.040
0.052	0.882	0.037	0.029
0.055	0.059	0.054	0.832
>TCTGSCCNGC	5-TCTGSCCNGC	7.702225	-28.435889	0	T:2195.0(7.99%),B:24615.2(6.87%),P:1e-12	Tpos:100.0,Tstd:52.4,Bpos:99.5,Bstd:56.7,StrandBias:0.0,Multiplicity:1.11
0.244	0.241	0.001	0.514
0.044	0.779	0.176	0.001
0.358	0.009	0.001	0.632
0.001	0.001	0.956	0.042
0.067	0.407	0.435	0.091
0.001	0.901	0.084	0.014
0.118	0.742	0.118	0.022
0.223	0.198	0.263	0.316
0.001	0.001	0.848	0.150
0.001	0.935	0.001	0.063
>GTGAGGTCAT	6-GTGAGGTCAT	7.104884	-26.746001	0	T:1428.0(5.20%),B:15485.1(4.32%),P:1e-11	Tpos:101.3,Tstd:54.8,Bpos:99.0,Bstd:56.6,StrandBias:0.1,Multiplicity:1.03
0.065	0.057	0.789	0.089
0.048	0.103	0.057	0.792
0.058	0.083	0.825	0.034
0.859	0.045	0.026	0.070
0.092	0.050	0.737	0.121
0.104	0.080	0.792	0.024
0.048	0.049	0.117	0.786
0.055	0.830	0.050	0.065
0.843	0.023	0.064	0.070
0.068	0.075	0.106	0.751
>GGVCAGCTGK	7-GGVCAGCTGK	8.546320	-26.406330	0	T:1611.0(5.86%),B:17697.0(4.94%),P:1e-11	Tpos:99.9,Tstd:51.0,Bpos:100.7,Bstd:55.4,StrandBias:0.1,Multiplicity:1.06
0.162	0.001	0.583	0.254
0.001	0.258	0.497	0.244
0.339	0.255	0.386	0.021
0.032	0.946	0.002	0.020
0.987	0.009	0.002	0.002
0.001	0.003	0.991	0.005
0.055	0.899	0.044	0.002
0.044	0.016	0.003	0.937
0.040	0.160	0.791	0.009
0.031	0.224	0.379	0.366
>AGACTCCGTC	8-AGACTCCGTC	8.646678	-24.141858	0	T:592.0(2.15%),B:5840.7(1.63%),P:1e-10	Tpos:99.1,Tstd:57.8,Bpos:101.2,Bstd:58.0,StrandBias:-0.1,Multiplicity:1.01
0.965	0.020	0.001	0.014
0.090	0.001	0.908	0.001
0.857	0.088	0.019	0.036
0.001	0.978	0.001	0.020
0.043	0.001	0.020	0.936
0.001	0.984	0.014	0.001
0.001	0.764	0.033	0.202
0.079	0.001	0.919	0.001
0.009	0.018	0.001	0.972
0.001	0.968	0.030	0.001
>TTTTTTTTTT	9-TTTTTTTTTT	9.394452	-23.842152	0	T:1852.0(6.74%),B:20787.0(5.80%),P:1e-10	Tpos:98.4,Tstd:63.8,Bpos:99.3,Bstd:62.8,StrandBias:-0.0,Multiplicity:1.08
0.024	0.063	0.026	0.887
0.001	0.040	0.017	0.942
0.017	0.035	0.012	0.936
0.001	0.001	0.001	0.997
0.001	0.001	0.001	0.997
0.001	0.018	0.001	0.980
0.010	0.017	0.001	0.972
0.001	0.023	0.001	0.975
0.009	0.001	0.001	0.989
0.001	0.001	0.114	0.884
>CGTCACCCAG	10-CGTCACCCAG	9.657078	-23.699878	0	T:491.0(1.79%),B:4719.7(1.32%),P:1e-10	Tpos:103.0,Tstd:53.2,Bpos:100.0,Bstd:57.1,StrandBias:-0.1,Multiplicity:1.00
0.058	0.642	0.050	0.250
0.001	0.075	0.923	0.001
0.001	0.050	0.059	0.890
0.006	0.894	0.040	0.060
0.933	0.001	0.065	0.001
0.103	0.836	0.001	0.060
0.001	0.978	0.020	0.001
0.001	0.997	0.001	0.001
0.954	0.044	0.001	0.001
0.001	0.024	0.974	0.001
>TTCGTAGTAG	11-TTCGTAGTAG	7.163839	-22.592112	0	T:811.0(2.95%),B:8428.0(2.35%),P:1e-9	Tpos:101.3,Tstd:58.0,Bpos:100.0,Bstd:58.4,StrandBias:0.1,Multiplicity:1.01
0.052	0.115	0.070	0.763
0.043	0.055	0.063	0.839
0.075	0.784	0.057	0.084
0.077	0.074	0.714	0.135
0.060	0.065	0.053	0.822
0.798	0.058	0.092	0.052
0.063	0.053	0.826	0.058
0.050	0.072	0.084	0.794
0.815	0.075	0.037	0.073
0.059	0.044	0.853	0.044
>TTTGAGAGGC	12-TTTGAGAGGC	7.885809	-22.438615	0	T:724.0(2.63%),B:7425.8(2.07%),P:1e-9	Tpos:98.1,Tstd:57.3,Bpos:99.6,Bstd:58.9,StrandBias:-0.0,Multiplicity:1.01
0.166	0.271	0.001	0.562
0.151	0.107	0.135	0.607
0.113	0.029	0.007	0.851
0.177	0.019	0.785	0.019
0.662	0.079	0.258	0.001
0.249	0.101	0.500	0.151
0.750	0.001	0.001	0.248
0.039	0.096	0.672	0.193
0.206	0.008	0.640	0.146
0.168	0.516	0.129	0.187
>TGGACGHWRC	13-TGGACGHWRC	5.945011	-22.415900	0	T:363.0(1.32%),B:3345.5(0.93%),P:1e-9	Tpos:100.1,Tstd:53.6,Bpos:102.1,Bstd:55.9,StrandBias:-0.0,Multiplicity:1.01
0.260	0.055	0.151	0.534
0.018	0.148	0.505	0.329
0.138	0.045	0.566	0.251
0.650	0.286	0.024	0.040
0.285	0.626	0.034	0.055
0.239	0.170	0.418	0.173
0.240	0.365	0.143	0.253
0.494	0.027	0.014	0.465
0.494	0.010	0.395	0.101
0.173	0.445	0.203	0.179
>MACGGGMATC	14-MACGGGMATC	8.478838	-22.254103	0	T:69.0(0.25%),B:379.8(0.11%),P:1e-9	Tpos:91.3,Tstd:53.4,Bpos:104.9,Bstd:56.3,StrandBias:0.4,Multiplicity:1.00
0.546	0.433	0.020	0.001
0.997	0.001	0.001	0.001
0.001	0.997	0.001	0.001
0.001	0.001	0.997	0.001
0.001	0.001	0.997	0.001
0.001	0.001	0.997	0.001
0.566	0.432	0.001	0.001
0.997	0.001	0.001	0.001
0.414	0.001	0.001	0.584
0.001	0.997	0.001	0.001
>GAACAATGRC	15-GAACAATGRC	7.933219	-20.797532	0	T:1340.0(4.88%),B:14811.6(4.13%),P:1e-9	Tpos:102.2,Tstd:53.4,Bpos:100.0,Bstd:55.6,StrandBias:0.1,Multiplicity:1.04
0.167	0.234	0.429	0.171
0.671	0.162	0.166	0.001
0.830	0.001	0.168	0.001
0.001	0.944	0.054	0.001
0.812	0.186	0.001	0.001
0.914	0.080	0.005	0.001
0.352	0.001	0.001	0.646
0.003	0.118	0.847	0.032
0.433	0.001	0.422	0.144
0.183	0.815	0.001	0.001
>ATAGGGTTAT	16-ATAGGGTTAT	7.092729	-19.868107	0	T:920.0(3.35%),B:9852.4(2.75%),P:1e-8	Tpos:103.1,Tstd:56.8,Bpos:98.3,Bstd:56.8,StrandBias:-0.0,Multiplicity:1.04
0.769	0.041	0.109	0.081
0.011	0.040	0.101	0.848
0.850	0.045	0.063	0.042
0.095	0.074	0.713	0.118
0.078	0.060	0.765	0.097
0.062	0.069	0.812	0.057
0.074	0.050	0.041	0.835
0.060	0.106	0.050	0.784
0.831	0.068	0.038	0.063
0.105	0.053	0.042	0.800
>CTCCTCCCTC	17-CTCCTCCCTC	6.368301	-18.811593	0	T:2129.0(7.75%),B:24592.1(6.86%),P:1e-8	Tpos:101.4,Tstd:52.5,Bpos:100.2,Bstd:55.1,StrandBias:0.1,Multiplicity:1.09
0.223	0.458	0.157	0.162
0.004	0.233	0.001	0.762
0.195	0.600	0.204	0.001
0.184	0.472	0.057	0.287
0.086	0.310	0.069	0.535
0.122	0.456	0.199	0.224
0.183	0.557	0.151	0.109
0.133	0.540	0.016	0.311
0.290	0.200	0.024	0.486
0.107	0.543	0.124	0.226
>CGGATATTRH	18-CGGATATTRH	7.040755	-18.642252	0	T:154.0(0.56%),B:1225.2(0.34%),P:1e-8	Tpos:104.4,Tstd:56.0,Bpos:102.1,Bstd:53.7,StrandBias:-0.2,Multiplicity:1.01
0.144	0.590	0.067	0.199
0.178	0.170	0.512	0.140
0.203	0.014	0.751	0.032
0.489	0.001	0.228	0.282
0.019	0.213	0.288	0.481
0.618	0.339	0.006	0.037
0.042	0.015	0.010	0.933
0.241	0.026	0.036	0.697
0.307	0.043	0.434	0.216
0.300	0.370	0.045	0.285
>CAGTGAGCCG	19-CAGTGAGCCG	8.963796	-18.142467	0	T:573.0(2.09%),B:5876.1(1.64%),P:1e-7	Tpos:101.2,Tstd:51.5,Bpos:100.5,Bstd:51.0,StrandBias:-0.1,Multiplicity:1.01
0.001	0.954	0.001	0.044
0.958	0.001	0.040	0.001
0.040	0.023	0.886	0.051
0.001	0.027	0.001	0.971
0.059	0.059	0.876	0.006
0.813	0.034	0.021	0.132
0.070	0.017	0.877	0.036
0.058	0.940	0.001	0.001
0.001	0.939	0.001	0.059
0.001	0.032	0.887	0.080
>TATWTTTATA	20-TATWTTTATA	7.094195	-15.937330	0	T:791.0(2.88%),B:8551.3(2.39%),P:1e-6	Tpos:98.8,Tstd:61.3,Bpos:99.1,Bstd:59.2,StrandBias:0.1,Multiplicity:1.05
0.076	0.042	0.114	0.768
0.593	0.077	0.006	0.324
0.101	0.057	0.285	0.557
0.445	0.077	0.158	0.320
0.157	0.108	0.081	0.654
0.196	0.078	0.148	0.578
0.051	0.263	0.213	0.473
0.650	0.011	0.069	0.270
0.245	0.204	0.094	0.456
0.541	0.105	0.317	0.037
>GCCGGGCCCG	21-GCCGGGCCCG	7.066374	-15.875200	0	T:1247.0(4.54%),B:14041.1(3.92%),P:1e-6	Tpos:99.4,Tstd:52.6,Bpos:99.5,Bstd:53.0,StrandBias:-0.0,Multiplicity:1.27
0.067	0.071	0.800	0.062
0.038	0.815	0.108	0.039
0.064	0.831	0.064	0.041
0.107	0.087	0.748	0.058
0.033	0.090	0.819	0.058
0.055	0.082	0.794	0.069
0.044	0.824	0.099	0.033
0.065	0.802	0.060	0.073
0.057	0.784	0.087	0.072
0.067	0.046	0.787	0.100
>CGCGAGGTGT	22-CGCGAGGTGT	10.296193	-13.931818	0	T:6.0(0.02%),B:4.9(0.00%),P:1e-6	Tpos:115.2,Tstd:53.0,Bpos:85.0,Bstd:37.0,StrandBias:0.0,Multiplicity:1.00
0.100	0.700	0.100	0.100
0.100	0.100	0.700	0.100
0.100	0.700	0.100	0.100
0.100	0.100	0.700	0.100
0.700	0.100	0.100	0.100
0.100	0.100	0.700	0.100
0.100	0.100	0.700	0.100
0.100	0.100	0.100	0.700
0.100	0.100	0.700	0.100
0.100	0.100	0.100	0.700
>CCCCGCCCGC	23-CCCCGCCCGC	7.282904	-11.238147	0	T:1540.0(5.60%),B:18054.2(5.04%),P:1e-4	Tpos:99.3,Tstd:54.9,Bpos:99.9,Bstd:54.3,StrandBias:0.0,Multiplicity:1.26
0.049	0.827	0.065	0.059
0.060	0.826	0.077	0.037
0.059	0.826	0.085	0.030
0.087	0.789	0.062	0.062
0.053	0.103	0.768	0.076
0.063	0.820	0.068	0.049
0.017	0.830	0.094	0.059
0.136	0.749	0.051	0.064
0.067	0.126	0.730	0.077
0.069	0.841	0.063	0.027
>GCACCAATGA	24-GCACCAATGA	10.314321	-8.821766	0	T:46.0(0.17%),B:331.4(0.09%),P:1e-3	Tpos:94.1,Tstd:55.4,Bpos:102.1,Bstd:55.1,StrandBias:1.3,Multiplicity:1.18
0.001	0.089	0.822	0.088
0.256	0.742	0.001	0.001
0.822	0.111	0.066	0.001
0.001	0.997	0.001	0.001
0.001	0.510	0.315	0.174
0.963	0.001	0.035	0.001
0.997	0.001	0.001	0.001
0.001	0.325	0.001	0.673
0.029	0.328	0.642	0.001
0.599	0.016	0.272	0.113
>AACCCTAACC	25-AACCCTAACC	6.928147	-5.910195	0	T:37.0(0.13%),B:291.5(0.08%),P:1e-2	Tpos:93.6,Tstd:56.9,Bpos:101.2,Bstd:58.5,StrandBias:1.4,Multiplicity:2.05
0.907	0.001	0.001	0.091
0.997	0.001	0.001	0.001
0.001	0.997	0.001	0.001
0.001	0.997	0.001	0.001
0.001	0.997	0.001	0.001
0.001	0.001	0.001	0.997
0.997	0.001	0.001	0.001
0.997	0.001	0.001	0.001
0.001	0.997	0.001	0.001
0.001	0.997	0.001	0.001
