>ATGASTCATN	1-ATGASTCATN	6.569918	-135.684792	0	T:2645.0(9.63%),B:25054.3(6.99%),P:1e-58	Tpos:100.4,Tstd:46.1,Bpos:100.9,Bstd:48.9,StrandBias:-0.0,Multiplicity:1.07
0.465	0.130	0.279	0.126
0.061	0.001	0.125	0.813
0.090	0.095	0.554	0.261
0.822	0.006	0.034	0.138
0.193	0.312	0.382	0.113
0.105	0.089	0.078	0.728
0.251	0.646	0.059	0.044
0.803	0.083	0.041	0.073
0.091	0.228	0.195	0.486
0.296	0.256	0.241	0.206
>GTTATATAAT	2-GTTATATAAT	9.065750	-53.669896	0	T:453.0(1.65%),B:3548.9(0.99%),P:1e-23	Tpos:100.7,Tstd:52.0,Bpos:101.0,Bstd:52.9,StrandBias:0.1,Multiplicity:1.02
0.080	0.056	0.863	0.001
0.001	0.001	0.001	0.997
0.001	0.001	0.001	0.997
0.910	0.068	0.021	0.001
0.001	0.193	0.001	0.805
0.815	0.001	0.124	0.060
0.001	0.001	0.001	0.997
0.907	0.030	0.001	0.062
0.979	0.011	0.009	0.001
0.070	0.077	0.034	0.819
>GGAGTGCAGT	3-GGAGTGCAGT	7.337234	-41.059849	0	T:1705.0(6.21%),B:17971.4(5.02%),P:1e-17	Tpos:99.3,Tstd:53.0,Bpos:100.4,Bstd:54.2,StrandBias:-0.1,Multiplicity:1.03
0.062	0.110	0.790	0.038
0.064	0.051	0.807	0.078
0.765	0.027	0.111	0.097
0.034	0.048	0.885	0.033
0.035	0.038	0.066	0.861
0.078	0.065	0.790	0.067
0.040	0.801	0.042	0.117
0.698	0.058	0.123	0.121
0.066	0.077	0.792	0.065
0.078	0.049	0.058	0.815
>CGCCCCAGCT	4-CGCCCCAGCT	7.174665	-35.124291	0	T:2207.0(8.03%),B:24299.1(6.78%),P:1e-15	Tpos:101.7,Tstd:53.9,Bpos:99.9,Bstd:56.4,StrandBias:0.1,Multiplicity:1.08
0.118	0.743	0.087	0.052
0.100	0.050	0.766	0.084
0.084	0.757	0.079	0.080
0.070	0.849	0.032	0.049
0.102	0.776	0.058	0.064
0.100	0.809	0.059	0.032
0.783	0.055	0.074	0.088
0.078	0.074	0.808	0.040
0.052	0.882	0.037	0.029
0.055	0.059	0.054	0.832
>TCTGSCCNGC	5-TCTGSCCNGC	7.702225	-28.435889	0	T:2195.0(7.99%),B:24615.2(6.87%),P:1e-12	Tpos:100.0,Tstd:52.4,Bpos:99.5,Bstd:56.7,StrandBias:0.0,Multiplicity:1.11
0.244	0.241	0.001	0.514
0.044	0.779	0.176	0.001
0.358	0.009	0.001	0.632
0.001	0.001	0.956	0.042
0.067	0.407	0.435	0.091
0.001	0.901	0.084	0.014
0.118	0.742	0.118	0.022
0.223	0.198	0.263	0.316
0.001	0.001	0.848	0.150
0.001	0.935	0.001	0.063
>GTGAGGTCAT	6-GTGAGGTCAT	7.104884	-26.746001	0	T:1428.0(5.20%),B:15485.1(4.32%),P:1e-11	Tpos:101.3,Tstd:54.8,Bpos:99.0,Bstd:56.6,StrandBias:0.1,Multiplicity:1.03
0.065	0.057	0.789	0.089
0.048	0.103	0.057	0.792
0.058	0.083	0.825	0.034
0.859	0.045	0.026	0.070
0.092	0.050	0.737	0.121
0.104	0.080	0.792	0.024
0.048	0.049	0.117	0.786
0.055	0.830	0.050	0.065
0.843	0.023	0.064	0.070
0.068	0.075	0.106	0.751
>GGVCAGCTGK	7-GGVCAGCTGK	8.546320	-26.406330	0	T:1611.0(5.86%),B:17697.0(4.94%),P:1e-11	Tpos:99.9,Tstd:51.0,Bpos:100.7,Bstd:55.4,StrandBias:0.1,Multiplicity:1.06
0.162	0.001	0.583	0.254
0.001	0.258	0.497	0.244
0.339	0.255	0.386	0.021
0.032	0.946	0.002	0.020
0.987	0.009	0.002	0.002
0.001	0.003	0.991	0.005
0.055	0.899	0.044	0.002
0.044	0.016	0.003	0.937
0.040	0.160	0.791	0.009
0.031	0.224	0.379	0.366
>AGACTCCGTC	8-AGACTCCGTC	8.646678	-24.141858	0	T:592.0(2.15%),B:5840.7(1.63%),P:1e-10	Tpos:99.1,Tstd:57.8,Bpos:101.2,Bstd:58.0,StrandBias:-0.1,Multiplicity:1.01
0.965	0.020	0.001	0.014
0.090	0.001	0.908	0.001
0.857	0.088	0.019	0.036
0.001	0.978	0.001	0.020
0.043	0.001	0.020	0.936
0.001	0.984	0.014	0.001
0.001	0.764	0.033	0.202
0.079	0.001	0.919	0.001
0.009	0.018	0.001	0.972
0.001	0.968	0.030	0.001
>TTTTTTTTTT	9-TTTTTTTTTT	9.394452	-23.842152	0	T:1852.0(6.74%),B:20787.0(5.80%),P:1e-10	Tpos:98.4,Tstd:63.8,Bpos:99.3,Bstd:62.8,StrandBias:-0.0,Multiplicity:1.08
0.024	0.063	0.026	0.887
0.001	0.040	0.017	0.942
0.017	0.035	0.012	0.936
0.001	0.001	0.001	0.997
0.001	0.001	0.001	0.997
0.001	0.018	0.001	0.980
0.010	0.017	0.001	0.972
0.001	0.023	0.001	0.975
0.009	0.001	0.001	0.989
0.001	0.001	0.114	0.884
>CGTCACCCAG	10-CGTCACCCAG	9.657078	-23.699878	0	T:491.0(1.79%),B:4719.7(1.32%),P:1e-10	Tpos:103.0,Tstd:53.2,Bpos:100.0,Bstd:57.1,StrandBias:-0.1,Multiplicity:1.00
0.058	0.642	0.050	0.250
0.001	0.075	0.923	0.001
0.001	0.050	0.059	0.890
0.006	0.894	0.040	0.060
0.933	0.001	0.065	0.001
0.103	0.836	0.001	0.060
0.001	0.978	0.020	0.001
0.001	0.997	0.001	0.001
0.954	0.044	0.001	0.001
0.001	0.024	0.974	0.001
>TTCGTAGTAG	11-TTCGTAGTAG	7.163839	-22.592112	0	T:811.0(2.95%),B:8428.0(2.35%),P:1e-9	Tpos:101.3,Tstd:58.0,Bpos:100.0,Bstd:58.4,StrandBias:0.1,Multiplicity:1.01
0.052	0.115	0.070	0.763
0.043	0.055	0.063	0.839
0.075	0.784	0.057	0.084
0.077	0.074	0.714	0.135
0.060	0.065	0.053	0.822
0.798	0.058	0.092	0.052
0.063	0.053	0.826	0.058
0.050	0.072	0.084	0.794
0.815	0.075	0.037	0.073
0.059	0.044	0.853	0.044
>TTTGAGAGGC	12-TTTGAGAGGC	7.885809	-22.438615	0	T:724.0(2.63%),B:7425.8(2.07%),P:1e-9	Tpos:98.1,Tstd:57.3,Bpos:99.6,Bstd:58.9,StrandBias:-0.0,Multiplicity:1.01
0.166	0.271	0.001	0.562
0.151	0.107	0.135	0.607
0.113	0.029	0.007	0.851
0.177	0.019	0.785	0.019
0.662	0.079	0.258	0.001
0.249	0.101	0.500	0.151
0.750	0.001	0.001	0.248
0.039	0.096	0.672	0.193
0.206	0.008	0.640	0.146
0.168	0.516	0.129	0.187
>TGGACGHWRC	13-TGGACGHWRC	5.945011	-22.415900	0	T:363.0(1.32%),B:3345.5(0.93%),P:1e-9	Tpos:100.1,Tstd:53.6,Bpos:102.1,Bstd:55.9,StrandBias:-0.0,Multiplicity:1.01
0.260	0.055	0.151	0.534
0.018	0.148	0.505	0.329
0.138	0.045	0.566	0.251
0.650	0.286	0.024	0.040
0.285	0.626	0.034	0.055
0.239	0.170	0.418	0.173
0.240	0.365	0.143	0.253
0.494	0.027	0.014	0.465
0.494	0.010	0.395	0.101
0.173	0.445	0.203	0.179
>MACGGGMATC	14-MACGGGMATC	8.478838	-22.254103	0	T:69.0(0.25%),B:379.8(0.11%),P:1e-9	Tpos:91.3,Tstd:53.4,Bpos:104.9,Bstd:56.3,StrandBias:0.4,Multiplicity:1.00
0.546	0.433	0.020	0.001
0.997	0.001	0.001	0.001
0.001	0.997	0.001	0.001
0.001	0.001	0.997	0.001
0.001	0.001	0.997	0.001
0.001	0.001	0.997	0.001
0.566	0.432	0.001	0.001
0.997	0.001	0.001	0.001
0.414	0.001	0.001	0.584
0.001	0.997	0.001	0.001
>GAACAATGRC	15-GAACAATGRC	7.933219	-20.797532	0	T:1340.0(4.88%),B:14811.6(4.13%),P:1e-9	Tpos:102.2,Tstd:53.4,Bpos:100.0,Bstd:55.6,StrandBias:0.1,Multiplicity:1.04
0.167	0.234	0.429	0.171
0.671	0.162	0.166	0.001
0.830	0.001	0.168	0.001
0.001	0.944	0.054	0.001
0.812	0.186	0.001	0.001
0.914	0.080	0.005	0.001
0.352	0.001	0.001	0.646
0.003	0.118	0.847	0.032
0.433	0.001	0.422	0.144
0.183	0.815	0.001	0.001
>ATAGGGTTAT	16-ATAGGGTTAT	7.092729	-19.868107	0	T:920.0(3.35%),B:9852.4(2.75%),P:1e-8	Tpos:103.1,Tstd:56.8,Bpos:98.3,Bstd:56.8,StrandBias:-0.0,Multiplicity:1.04
0.769	0.041	0.109	0.081
0.011	0.040	0.101	0.848
0.850	0.045	0.063	0.042
0.095	0.074	0.713	0.118
0.078	0.060	0.765	0.097
0.062	0.069	0.812	0.057
0.074	0.050	0.041	0.835
0.060	0.106	0.050	0.784
0.831	0.068	0.038	0.063
0.105	0.053	0.042	0.800
>CTCCTCCCTC	17-CTCCTCCCTC	6.368301	-18.811593	0	T:2129.0(7.75%),B:24592.1(6.86%),P:1e-8	Tpos:101.4,Tstd:52.5,Bpos:100.2,Bstd:55.1,StrandBias:0.1,Multiplicity:1.09
0.223	0.458	0.157	0.162
0.004	0.233	0.001	0.762
0.195	0.600	0.204	0.001
0.184	0.472	0.057	0.287
0.086	0.310	0.069	0.535
0.122	0.456	0.199	0.224
0.183	0.557	0.151	0.109
0.133	0.540	0.016	0.311
0.290	0.200	0.024	0.486
0.107	0.543	0.124	0.226
>CGGATATTRH	18-CGGATATTRH	7.040755	-18.642252	0	T:154.0(0.56%),B:1225.2(0.34%),P:1e-8	Tpos:104.4,Tstd:56.0,Bpos:102.1,Bstd:53.7,StrandBias:-0.2,Multiplicity:1.01
0.144	0.590	0.067	0.199
0.178	0.170	0.512	0.140
0.203	0.014	0.751	0.032
0.489	0.001	0.228	0.282
0.019	0.213	0.288	0.481
0.618	0.339	0.006	0.037
0.042	0.015	0.010	0.933
0.241	0.026	0.036	0.697
0.307	0.043	0.434	0.216
0.300	0.370	0.045	0.285
>CAGTGAGCCG	19-CAGTGAGCCG	8.963796	-18.142467	0	T:573.0(2.09%),B:5876.1(1.64%),P:1e-7	Tpos:101.2,Tstd:51.5,Bpos:100.5,Bstd:51.0,StrandBias:-0.1,Multiplicity:1.01
0.001	0.954	0.001	0.044
0.958	0.001	0.040	0.001
0.040	0.023	0.886	0.051
0.001	0.027	0.001	0.971
0.059	0.059	0.876	0.006
0.813	0.034	0.021	0.132
0.070	0.017	0.877	0.036
0.058	0.940	0.001	0.001
0.001	0.939	0.001	0.059
0.001	0.032	0.887	0.080
>TATWTTTATA	20-TATWTTTATA	7.094195	-15.937330	0	T:791.0(2.88%),B:8551.3(2.39%),P:1e-6	Tpos:98.8,Tstd:61.3,Bpos:99.1,Bstd:59.2,StrandBias:0.1,Multiplicity:1.05
0.076	0.042	0.114	0.768
0.593	0.077	0.006	0.324
0.101	0.057	0.285	0.557
0.445	0.077	0.158	0.320
0.157	0.108	0.081	0.654
0.196	0.078	0.148	0.578
0.051	0.263	0.213	0.473
0.650	0.011	0.069	0.270
0.245	0.204	0.094	0.456
0.541	0.105	0.317	0.037
>GCCGGGCCCG	21-GCCGGGCCCG	7.066374	-15.875200	0	T:1247.0(4.54%),B:14041.1(3.92%),P:1e-6	Tpos:99.4,Tstd:52.6,Bpos:99.5,Bstd:53.0,StrandBias:-0.0,Multiplicity:1.27
0.067	0.071	0.800	0.062
0.038	0.815	0.108	0.039
0.064	0.831	0.064	0.041
0.107	0.087	0.748	0.058
0.033	0.090	0.819	0.058
0.055	0.082	0.794	0.069
0.044	0.824	0.099	0.033
0.065	0.802	0.060	0.073
0.057	0.784	0.087	0.072
0.067	0.046	0.787	0.100
>CGCGAGGTGT	22-CGCGAGGTGT	10.296193	-13.931818	0	T:6.0(0.02%),B:4.9(0.00%),P:1e-6	Tpos:115.2,Tstd:53.0,Bpos:85.0,Bstd:37.0,StrandBias:0.0,Multiplicity:1.00
0.100	0.700	0.100	0.100
0.100	0.100	0.700	0.100
0.100	0.700	0.100	0.100
0.100	0.100	0.700	0.100
0.700	0.100	0.100	0.100
0.100	0.100	0.700	0.100
0.100	0.100	0.700	0.100
0.100	0.100	0.100	0.700
0.100	0.100	0.700	0.100
0.100	0.100	0.100	0.700
>CCCCGCCCGC	23-CCCCGCCCGC	7.282904	-11.238147	0	T:1540.0(5.60%),B:18054.2(5.04%),P:1e-4	Tpos:99.3,Tstd:54.9,Bpos:99.9,Bstd:54.3,StrandBias:0.0,Multiplicity:1.26
0.049	0.827	0.065	0.059
0.060	0.826	0.077	0.037
0.059	0.826	0.085	0.030
0.087	0.789	0.062	0.062
0.053	0.103	0.768	0.076
0.063	0.820	0.068	0.049
0.017	0.830	0.094	0.059
0.136	0.749	0.051	0.064
0.067	0.126	0.730	0.077
0.069	0.841	0.063	0.027
>GCACCAATGA	24-GCACCAATGA	10.314321	-8.821766	0	T:46.0(0.17%),B:331.4(0.09%),P:1e-3	Tpos:94.1,Tstd:55.4,Bpos:102.1,Bstd:55.1,StrandBias:1.3,Multiplicity:1.18
0.001	0.089	0.822	0.088
0.256	0.742	0.001	0.001
0.822	0.111	0.066	0.001
0.001	0.997	0.001	0.001
0.001	0.510	0.315	0.174
0.963	0.001	0.035	0.001
0.997	0.001	0.001	0.001
0.001	0.325	0.001	0.673
0.029	0.328	0.642	0.001
0.599	0.016	0.272	0.113
>AACCCTAACC	25-AACCCTAACC	6.928147	-5.910195	0	T:37.0(0.13%),B:291.5(0.08%),P:1e-2	Tpos:93.6,Tstd:56.9,Bpos:101.2,Bstd:58.5,StrandBias:1.4,Multiplicity:2.05
0.907	0.001	0.001	0.091
0.997	0.001	0.001	0.001
0.001	0.997	0.001	0.001
0.001	0.997	0.001	0.001
0.001	0.997	0.001	0.001
0.001	0.001	0.001	0.997
0.997	0.001	0.001	0.001
0.997	0.001	0.001	0.001
0.001	0.997	0.001	0.001
0.001	0.997	0.001	0.001
>WATGASTCATHN	1-WATGASTCATHN	7.639630	-147.761257	0	T:2968.0(10.80%),B:28296.3(7.90%),P:1e-64	Tpos:100.8,Tstd:46.7,Bpos:100.9,Bstd:48.9,StrandBias:0.0,Multiplicity:1.09
0.234	0.184	0.212	0.371
0.515	0.151	0.251	0.083
0.022	0.001	0.005	0.972
0.027	0.001	0.610	0.362
0.994	0.001	0.001	0.004
0.170	0.402	0.308	0.120
0.066	0.049	0.001	0.884
0.057	0.936	0.001	0.006
0.968	0.030	0.001	0.001
0.144	0.238	0.137	0.482
0.374	0.225	0.162	0.239
0.254	0.329	0.186	0.232
>TTATATAAYWDB	2-TTATATAAYWDB	9.107759	-59.496201	0	T:515.0(1.87%),B:4058.1(1.13%),P:1e-25	Tpos:101.7,Tstd:48.9,Bpos:101.6,Bstd:51.5,StrandBias:0.1,Multiplicity:1.03
0.033	0.045	0.021	0.901
0.055	0.055	0.091	0.799
0.912	0.056	0.031	0.001
0.056	0.310	0.001	0.633
0.642	0.005	0.345	0.008
0.055	0.067	0.072	0.806
0.907	0.001	0.064	0.028
0.787	0.030	0.071	0.112
0.014	0.432	0.172	0.382
0.391	0.232	0.015	0.362
0.285	0.148	0.217	0.350
0.034	0.326	0.345	0.295
>GCCACTGCACCC	3-GCCACTGCACCC	8.149114	-46.855365	0	T:2001.0(7.28%),B:21160.0(5.91%),P:1e-20	Tpos:99.5,Tstd:53.6,Bpos:100.0,Bstd:55.0,StrandBias:-0.1,Multiplicity:1.06
0.241	0.024	0.734	0.001
0.013	0.770	0.149	0.068
0.046	0.791	0.001	0.162
0.805	0.162	0.001	0.032
0.119	0.629	0.150	0.102
0.212	0.184	0.038	0.566
0.050	0.024	0.912	0.014
0.063	0.929	0.001	0.007
0.490	0.183	0.140	0.187
0.001	0.879	0.007	0.113
0.001	0.612	0.001	0.386
0.033	0.769	0.001	0.197
>NTRTAGTCCTAG	4-NTRTAGTCCTAG	7.317795	-36.250731	0	T:1746.0(6.35%),B:18715.3(5.22%),P:1e-15	Tpos:100.5,Tstd:55.4,Bpos:99.6,Bstd:54.8,StrandBias:0.1,Multiplicity:1.04
0.257	0.252	0.260	0.231
0.411	0.001	0.001	0.587
0.456	0.001	0.542	0.001
0.180	0.031	0.037	0.752
0.704	0.001	0.001	0.294
0.176	0.239	0.502	0.083
0.269	0.001	0.001	0.729
0.226	0.602	0.001	0.171
0.277	0.721	0.001	0.001
0.235	0.040	0.001	0.724
0.785	0.001	0.001	0.213
0.217	0.226	0.556	0.001
>GCCTGGGTGACC	5-GCCTGGGTGACC	6.822258	-35.355106	0	T:2093.0(7.62%),B:22913.3(6.40%),P:1e-15	Tpos:99.7,Tstd:54.0,Bpos:99.9,Bstd:57.0,StrandBias:0.1,Multiplicity:1.04
0.081	0.086	0.743	0.090
0.094	0.729	0.095	0.082
0.083	0.767	0.065	0.085
0.091	0.079	0.063	0.767
0.077	0.083	0.758	0.082
0.085	0.074	0.762	0.079
0.090	0.093	0.711	0.106
0.084	0.061	0.077	0.778
0.077	0.079	0.768	0.076
0.743	0.087	0.088	0.082
0.076	0.750	0.085	0.089
0.096	0.727	0.082	0.095
>CTCAGCTAACTG	6-CTCAGCTAACTG	8.321162	-32.229767	0	T:919.0(3.34%),B:9240.2(2.58%),P:1e-13	Tpos:102.1,Tstd:51.6,Bpos:99.0,Bstd:52.5,StrandBias:0.0,Multiplicity:1.02
0.001	0.749	0.135	0.115
0.169	0.079	0.001	0.751
0.115	0.738	0.005	0.142
0.899	0.001	0.099	0.001
0.001	0.099	0.738	0.162
0.148	0.615	0.135	0.102
0.042	0.086	0.134	0.738
0.771	0.096	0.132	0.001
0.618	0.093	0.124	0.165
0.079	0.704	0.118	0.099
0.046	0.054	0.001	0.899
0.124	0.001	0.755	0.120
>GCTTTGTAATCA	7-GCTTTGTAATCA	14.348687	-31.217246	0	T:8.0(0.03%),B:1.9(0.00%),P:1e-13	Tpos:88.6,Tstd:59.4,Bpos:181.2,Bstd:13.3,StrandBias:-1.6,Multiplicity:1.00
0.001	0.001	0.997	0.001
0.001	0.997	0.001	0.001
0.001	0.001	0.001	0.997
0.001	0.001	0.001	0.997
0.001	0.105	0.001	0.893
0.001	0.001	0.997	0.001
0.001	0.001	0.001	0.997
0.997	0.001	0.001	0.001
0.997	0.001	0.001	0.001
0.001	0.001	0.001	0.997
0.001	0.997	0.001	0.001
0.997	0.001	0.001	0.001
>TTTTTTTTTTTT	8-TTTTTTTTTTTT	7.789160	-29.066546	0	T:1796.0(6.54%),B:19747.2(5.51%),P:1e-12	Tpos:98.8,Tstd:63.0,Bpos:99.2,Bstd:62.2,StrandBias:-0.0,Multiplicity:1.08
0.202	0.161	0.179	0.459
0.195	0.143	0.158	0.504
0.143	0.198	0.166	0.493
0.194	0.222	0.140	0.444
0.136	0.151	0.096	0.617
0.162	0.146	0.091	0.601
0.167	0.093	0.085	0.655
0.108	0.206	0.025	0.661
0.062	0.073	0.079	0.786
0.055	0.171	0.064	0.710
0.026	0.186	0.259	0.529
0.245	0.087	0.190	0.478
>TATGTCGTGACT	9-TATGTCGTGACT	8.826929	-24.028060	0	T:61.0(0.22%),B:300.9(0.08%),P:1e-10	Tpos:96.1,Tstd:49.7,Bpos:102.8,Bstd:55.3,StrandBias:-0.2,Multiplicity:1.00
0.088	0.104	0.227	0.581
0.565	0.223	0.090	0.122
0.164	0.073	0.107	0.656
0.074	0.069	0.740	0.117
0.250	0.116	0.088	0.546
0.078	0.715	0.003	0.204
0.001	0.001	0.935	0.063
0.269	0.001	0.147	0.583
0.004	0.070	0.750	0.176
0.620	0.069	0.096	0.215
0.073	0.592	0.231	0.104
0.220	0.005	0.078	0.697
>GGTTTTCGTTAT	10-GGTTTTCGTTAT	13.542304	-23.713545	0	T:9.0(0.03%),B:4.6(0.00%),P:1e-10	Tpos:73.2,Tstd:55.0,Bpos:111.7,Bstd:27.0,StrandBias:0.3,Multiplicity:1.00
0.001	0.001	0.997	0.001
0.001	0.001	0.997	0.001
0.001	0.419	0.001	0.579
0.001	0.001	0.001	0.997
0.419	0.001	0.001	0.579
0.001	0.001	0.001	0.997
0.139	0.859	0.001	0.001
0.001	0.001	0.997	0.001
0.001	0.001	0.001	0.997
0.001	0.001	0.001	0.997
0.997	0.001	0.001	0.001
0.001	0.001	0.001	0.997
>ACGGAGTTTCGC	11-ACGGAGTTTCGC	10.753690	-23.601401	0	T:158.0(0.58%),B:1174.1(0.33%),P:1e-10	Tpos:98.9,Tstd:58.3,Bpos:100.1,Bstd:59.7,StrandBias:0.5,Multiplicity:1.01
0.830	0.001	0.001	0.168
0.001	0.749	0.001	0.249
0.191	0.001	0.714	0.094
0.001	0.001	0.997	0.001
0.629	0.169	0.201	0.001
0.001	0.001	0.997	0.001
0.001	0.001	0.001	0.997
0.001	0.063	0.001	0.935
0.001	0.001	0.337	0.661
0.001	0.672	0.094	0.233
0.007	0.008	0.690	0.295
0.001	0.744	0.001	0.254
>TATCACTGTTCT	12-TATCACTGTTCT	9.703379	-21.483916	0	T:159.0(0.58%),B:1221.4(0.34%),P:1e-9	Tpos:109.0,Tstd:55.1,Bpos:101.6,Bstd:53.1,StrandBias:-0.1,Multiplicity:1.00
0.001	0.040	0.058	0.901
0.943	0.032	0.001	0.024
0.033	0.049	0.033	0.885
0.111	0.685	0.034	0.170
0.736	0.057	0.181	0.026
0.049	0.904	0.030	0.017
0.139	0.001	0.124	0.736
0.049	0.101	0.814	0.036
0.038	0.065	0.126	0.771
0.091	0.033	0.033	0.843
0.036	0.929	0.034	0.001
0.001	0.031	0.098	0.870
>TAATTATAGAAC	13-TAATTATAGAAC	13.868265	-20.019485	0	T:14.0(0.05%),B:21.5(0.01%),P:1e-8	Tpos:110.1,Tstd:51.0,Bpos:90.4,Bstd:58.5,StrandBias:-0.4,Multiplicity:1.00
0.001	0.001	0.001	0.997
0.875	0.001	0.123	0.001
0.997	0.001	0.001	0.001
0.001	0.001	0.001	0.997
0.001	0.001	0.074	0.924
0.997	0.001	0.001	0.001
0.001	0.001	0.001	0.997
0.997	0.001	0.001	0.001
0.001	0.001	0.997	0.001
0.997	0.001	0.001	0.001
0.997	0.001	0.001	0.001
0.001	0.997	0.001	0.001
>TGTCCAGCTGGG	14-TGTCCAGCTGGG	8.977759	-19.700624	0	T:629.0(2.29%),B:6452.3(1.80%),P:1e-8	Tpos:97.4,Tstd:52.2,Bpos:100.2,Bstd:55.7,StrandBias:0.0,Multiplicity:1.03
0.056	0.061	0.058	0.825
0.058	0.070	0.761	0.111
0.049	0.076	0.051	0.824
0.092	0.796	0.060	0.052
0.063	0.855	0.048	0.034
0.834	0.060	0.038	0.068
0.042	0.038	0.876	0.044
0.058	0.856	0.032	0.054
0.044	0.039	0.080	0.837
0.031	0.038	0.871	0.060
0.052	0.053	0.832	0.063
0.063	0.051	0.835	0.051
>CTCCATATATTA	15-CTCCATATATTA	12.355432	-19.012148	0	T:7.0(0.03%),B:3.8(0.00%),P:1e-8	Tpos:59.2,Tstd:39.1,Bpos:144.9,Bstd:64.9,StrandBias:1.0,Multiplicity:1.00
0.100	0.700	0.100	0.100
0.100	0.100	0.100	0.700
0.100	0.700	0.100	0.100
0.100	0.700	0.100	0.100
0.700	0.100	0.100	0.100
0.100	0.100	0.100	0.700
0.700	0.100	0.100	0.100
0.100	0.100	0.100	0.700
0.700	0.100	0.100	0.100
0.100	0.100	0.100	0.700
0.100	0.100	0.100	0.700
0.700	0.100	0.100	0.100
>CGGGCCGTTCCC	16-CGGGCCGTTCCC	14.302951	-18.613644	0	T:8.0(0.03%),B:5.1(0.00%),P:1e-8	Tpos:106.8,Tstd:54.4,Bpos:118.5,Bstd:14.1,StrandBias:1.6,Multiplicity:1.00
0.001	0.997	0.001	0.001
0.001	0.001	0.997	0.001
0.001	0.001	0.997	0.001
0.001	0.001	0.997	0.001
0.001	0.997	0.001	0.001
0.113	0.885	0.001	0.001
0.001	0.001	0.997	0.001
0.001	0.001	0.001	0.997
0.001	0.001	0.001	0.997
0.001	0.997	0.001	0.001
0.113	0.885	0.001	0.001
0.001	0.997	0.001	0.001
>TGCTGATTGGTG	17-TGCTGATTGGTG	13.856161	-18.064060	0	T:17.0(0.06%),B:38.8(0.01%),P:1e-7	Tpos:102.8,Tstd:56.6,Bpos:103.6,Bstd:54.1,StrandBias:-1.8,Multiplicity:1.29
0.001	0.001	0.001	0.997
0.001	0.001	0.927	0.071
0.001	0.901	0.097	0.001
0.001	0.001	0.001	0.997
0.001	0.001	0.997	0.001
0.997	0.001	0.001	0.001
0.001	0.001	0.001	0.997
0.001	0.001	0.001	0.997
0.001	0.001	0.997	0.001
0.001	0.001	0.997	0.001
0.001	0.001	0.001	0.997
0.001	0.001	0.997	0.001
>CACTTCCTAGTT	18-CACTTCCTAGTT	12.629071	-16.145663	0	T:27.0(0.10%),B:104.1(0.03%),P:1e-7	Tpos:94.8,Tstd:55.0,Bpos:105.7,Bstd:56.4,StrandBias:0.9,Multiplicity:1.26
0.001	0.926	0.001	0.072
0.726	0.001	0.272	0.001
0.001	0.997	0.001	0.001
0.001	0.001	0.001	0.997
0.204	0.001	0.001	0.794
0.001	0.997	0.001	0.001
0.001	0.997	0.001	0.001
0.001	0.001	0.001	0.997
0.905	0.001	0.093	0.001
0.001	0.001	0.997	0.001
0.164	0.001	0.001	0.834
0.001	0.001	0.179	0.819
>CAACCCCCAATC	19-CAACCCCCAATC	14.017084	-15.366462	0	T:10.0(0.04%),B:14.0(0.00%),P:1e-6	Tpos:81.6,Tstd:51.5,Bpos:107.6,Bstd:50.6,StrandBias:-0.5,Multiplicity:1.20
0.001	0.884	0.114	0.001
0.997	0.001	0.001	0.001
0.997	0.001	0.001	0.001
0.001	0.997	0.001	0.001
0.114	0.800	0.001	0.085
0.001	0.997	0.001	0.001
0.001	0.997	0.001	0.001
0.001	0.997	0.001	0.001
0.997	0.001	0.001	0.001
0.997	0.001	0.001	0.001
0.001	0.001	0.001	0.997
0.001	0.997	0.001	0.001
>TTTATATTTATA	20-TTTATATTTATA	8.206529	-14.184259	0	T:880.0(3.20%),B:9727.1(2.72%),P:1e-6	Tpos:105.3,Tstd:60.1,Bpos:100.7,Bstd:59.3,StrandBias:0.1,Multiplicity:1.10
0.099	0.110	0.219	0.572
0.161	0.206	0.155	0.479
0.011	0.016	0.074	0.899
0.736	0.123	0.073	0.068
0.159	0.013	0.083	0.745
0.626	0.018	0.180	0.176
0.077	0.115	0.217	0.591
0.164	0.122	0.026	0.688
0.167	0.069	0.151	0.613
0.664	0.097	0.077	0.162
0.116	0.076	0.129	0.679
0.707	0.053	0.079	0.161
>CCTGTGGTGGAT	21-CCTGTGGTGGAT	14.302951	-12.658264	0	T:6.0(0.02%),B:5.2(0.00%),P:1e-5	Tpos:121.1,Tstd:60.1,Bpos:69.1,Bstd:25.0,StrandBias:-2.8,Multiplicity:1.33
0.001	0.997	0.001	0.001
0.001	0.997	0.001	0.001
0.001	0.113	0.001	0.885
0.001	0.001	0.997	0.001
0.001	0.001	0.001	0.997
0.001	0.001	0.997	0.001
0.001	0.001	0.997	0.001
0.001	0.001	0.001	0.997
0.001	0.113	0.885	0.001
0.001	0.001	0.997	0.001
0.997	0.001	0.001	0.001
0.001	0.001	0.001	0.997
>TAAATACGSTMG	22-TAAATACGSTMG	10.224521	-10.799810	0	T:4.0(0.01%),B:2.8(0.00%),P:1e-4	Tpos:103.9,Tstd:44.3,Bpos:92.6,Bstd:65.2,StrandBias:10.0,Multiplicity:2.25
0.126	0.103	0.092	0.679
0.659	0.102	0.109	0.130
0.677	0.086	0.115	0.122
0.676	0.134	0.115	0.075
0.145	0.046	0.092	0.717
0.667	0.111	0.165	0.057
0.079	0.768	0.069	0.084
0.080	0.080	0.694	0.146
0.001	0.453	0.545	0.001
0.108	0.138	0.052	0.702
0.452	0.546	0.001	0.001
0.086	0.058	0.764	0.092
>CCGGGCCSGGCC	23-CCGGGCCSGGCC	6.021424	-9.398908	0	T:5820.0(21.18%),B:72591.1(20.26%),P:1e-4	Tpos:100.8,Tstd:52.5,Bpos:100.0,Bstd:54.0,StrandBias:-0.0,Multiplicity:1.58
0.080	0.582	0.335	0.003
0.257	0.408	0.171	0.164
0.164	0.234	0.504	0.098
0.122	0.115	0.722	0.041
0.005	0.386	0.607	0.002
0.001	0.950	0.048	0.001
0.218	0.455	0.169	0.158
0.128	0.414	0.331	0.127
0.229	0.170	0.430	0.170
0.001	0.288	0.708	0.003
0.001	0.676	0.317	0.006
0.034	0.760	0.062	0.144
>ACCCTAACCCTA	24-ACCCTAACCCTA	12.963327	-6.834741	0	T:8.0(0.03%),B:26.3(0.01%),P:1e-2	Tpos:99.1,Tstd:58.7,Bpos:97.4,Bstd:46.2,StrandBias:4.5,Multiplicity:5.88
0.997	0.001	0.001	0.001
0.032	0.966	0.001	0.001
0.001	0.997	0.001	0.001
0.001	0.997	0.001	0.001
0.001	0.001	0.001	0.997
0.997	0.001	0.001	0.001
0.997	0.001	0.001	0.001
0.001	0.997	0.001	0.001
0.032	0.966	0.001	0.001
0.032	0.966	0.001	0.001
0.094	0.001	0.033	0.872
0.997	0.001	0.001	0.001
>CAACTACACCAA	25-CAACTACACCAA	12.355432	-6.371382	0	T:3.0(0.01%),B:3.7(0.00%),P:1e-2	Tpos:104.9,Tstd:49.1,Bpos:138.1,Bstd:24.7,StrandBias:-1.3,Multiplicity:2.33
0.100	0.700	0.100	0.100
0.700	0.100	0.100	0.100
0.700	0.100	0.100	0.100
0.100	0.700	0.100	0.100
0.100	0.100	0.100	0.700
0.700	0.100	0.100	0.100
0.100	0.700	0.100	0.100
0.700	0.100	0.100	0.100
0.100	0.700	0.100	0.100
0.100	0.700	0.100	0.100
0.700	0.100	0.100	0.100
0.700	0.100	0.100	0.100
>TGAGTCAY	1-TGAGTCAY	6.776288	-99.273472	0	T:3748.0(13.64%),B:39214.5(10.95%),P:1e-43	Tpos:101.2,Tstd:47.4,Bpos:100.8,Bstd:50.7,StrandBias:-0.0,Multiplicity:1.11
0.019	0.057	0.054	0.870
0.038	0.030	0.778	0.154
0.944	0.001	0.029	0.026
0.078	0.324	0.543	0.055
0.019	0.030	0.050	0.901
0.121	0.806	0.030	0.043
0.900	0.009	0.074	0.017
0.059	0.341	0.117	0.484
>TTACATAA	2-TTACATAA	10.192252	-41.593105	0	T:786.0(2.86%),B:7393.2(2.06%),P:1e-18	Tpos:100.7,Tstd:53.7,Bpos:100.5,Bstd:54.5,StrandBias:-0.0,Multiplicity:1.04
0.001	0.001	0.001	0.997
0.001	0.001	0.001	0.997
0.997	0.001	0.001	0.001
0.001	0.582	0.001	0.416
0.997	0.001	0.001	0.001
0.001	0.001	0.001	0.997
0.997	0.001	0.001	0.001
0.997	0.001	0.001	0.001
>TGAGGTCA	3-TGAGGTCA	4.051403	-26.775094	0	T:2114.0(7.69%),B:23753.9(6.63%),P:1e-11	Tpos:99.2,Tstd:54.7,Bpos:99.5,Bstd:56.8,StrandBias:0.0,Multiplicity:1.04
0.001	0.001	0.001	0.997
0.001	0.001	0.997	0.001
0.997	0.001	0.001	0.001
0.001	0.105	0.893	0.001
0.105	0.001	0.893	0.001
0.001	0.001	0.001	0.997
0.001	0.997	0.001	0.001
0.997	0.001	0.001	0.001
>CGCAGCTG	4-CGCAGCTG	8.901557	-24.055777	0	T:1592.0(5.79%),B:17626.0(4.92%),P:1e-10	Tpos:99.9,Tstd:52.5,Bpos:100.0,Bstd:56.0,StrandBias:-0.0,Multiplicity:1.06
0.001	0.621	0.117	0.261
0.094	0.234	0.671	0.001
0.001	0.912	0.043	0.044
0.997	0.001	0.001	0.001
0.001	0.023	0.975	0.001
0.001	0.952	0.046	0.001
0.059	0.001	0.001	0.939
0.001	0.001	0.973	0.025
>RCCSGGGC	5-RCCSGGGC	4.830232	-23.691929	0	T:5392.0(19.62%),B:64865.9(18.11%),P:1e-10	Tpos:99.3,Tstd:54.1,Bpos:100.2,Bstd:56.0,StrandBias:-0.0,Multiplicity:1.37
0.433	0.063	0.401	0.103
0.157	0.449	0.278	0.116
0.176	0.513	0.270	0.041
0.233	0.393	0.353	0.021
0.250	0.059	0.457	0.234
0.112	0.136	0.630	0.122
0.082	0.289	0.548	0.081
0.001	0.909	0.060	0.030
>GTCACGGC	6-GTCACGGC	7.094450	-22.455698	0	T:1337.0(4.87%),B:14665.7(4.09%),P:1e-9	Tpos:99.6,Tstd:54.8,Bpos:100.2,Bstd:55.9,StrandBias:-0.0,Multiplicity:1.02
0.179	0.001	0.819	0.001
0.001	0.001	0.001	0.997
0.001	0.997	0.001	0.001
0.712	0.286	0.001	0.001
0.001	0.997	0.001	0.001
0.086	0.001	0.912	0.001
0.074	0.001	0.924	0.001
0.001	0.997	0.001	0.001
>ACTNCGTC	7-ACTNCGTC	4.550030	-21.125818	0	T:4336.0(15.78%),B:51865.5(14.48%),P:1e-9	Tpos:100.4,Tstd:55.2,Bpos:100.5,Bstd:56.0,StrandBias:-0.0,Multiplicity:1.12
0.435	0.252	0.280	0.033
0.188	0.489	0.121	0.202
0.192	0.143	0.041	0.624
0.282	0.265	0.173	0.280
0.001	0.626	0.178	0.195
0.168	0.150	0.681	0.001
0.113	0.205	0.096	0.586
0.104	0.762	0.133	0.001
>TAAAAAGA	8-TAAAAAGA	6.968694	-20.745968	0	T:4267.0(15.53%),B:51043.6(14.25%),P:1e-9	Tpos:101.3,Tstd:59.5,Bpos:100.0,Bstd:57.8,StrandBias:0.0,Multiplicity:1.12
0.002	0.001	0.311	0.686
0.997	0.001	0.001	0.001
0.581	0.315	0.001	0.103
0.790	0.118	0.001	0.091
0.942	0.001	0.005	0.052
0.939	0.005	0.004	0.052
0.001	0.001	0.938	0.060
0.997	0.001	0.001	0.001
>AAAAAAAA	9-AAAAAAAA	10.967290	-18.384286	0	T:1779.0(6.47%),B:20329.8(5.67%),P:1e-7	Tpos:98.9,Tstd:64.6,Bpos:99.3,Bstd:63.5,StrandBias:-0.0,Multiplicity:1.07
0.903	0.095	0.001	0.001
0.997	0.001	0.001	0.001
0.997	0.001	0.001	0.001
0.997	0.001	0.001	0.001
0.997	0.001	0.001	0.001
0.997	0.001	0.001	0.001
0.997	0.001	0.001	0.001
0.997	0.001	0.001	0.001
>ATCGCGTG	10-ATCGCGTG	7.013901	-17.627774	0	T:359.0(1.31%),B:3458.3(0.97%),P:1e-7	Tpos:99.9,Tstd:51.7,Bpos:100.3,Bstd:52.5,StrandBias:-0.2,Multiplicity:1.01
0.800	0.020	0.125	0.055
0.001	0.048	0.001	0.950
0.030	0.927	0.042	0.001
0.031	0.036	0.932	0.001
0.092	0.906	0.001	0.001
0.024	0.001	0.777	0.198
0.084	0.014	0.042	0.860
0.001	0.087	0.874	0.038
>GCACTCAA	11-GCACTCAA	7.258647	-17.289596	0	T:2022.0(7.36%),B:23415.0(6.54%),P:1e-7	Tpos:98.7,Tstd:54.0,Bpos:100.3,Bstd:56.0,StrandBias:-0.1,Multiplicity:1.03
0.001	0.180	0.818	0.001
0.205	0.793	0.001	0.001
0.960	0.001	0.038	0.001
0.144	0.854	0.001	0.001
0.001	0.112	0.001	0.886
0.135	0.863	0.001	0.001
0.935	0.063	0.001	0.001
0.846	0.001	0.152	0.001
>TKTCCAGC	12-TKTCCAGC	10.241500	-15.221980	0	T:773.0(2.81%),B:8380.0(2.34%),P:1e-6	Tpos:102.8,Tstd:55.2,Bpos:101.0,Bstd:56.8,StrandBias:0.0,Multiplicity:1.02
0.001	0.001	0.001	0.997
0.001	0.001	0.437	0.561
0.001	0.001	0.001	0.997
0.001	0.997	0.001	0.001
0.001	0.997	0.001	0.001
0.997	0.001	0.001	0.001
0.001	0.001	0.997	0.001
0.001	0.997	0.001	0.001
>GGSAGGAG	13-GGSAGGAG	7.105486	-13.571605	0	T:4014.0(14.61%),B:48811.2(13.62%),P:1e-5	Tpos:100.1,Tstd:53.9,Bpos:99.7,Bstd:56.9,StrandBias:0.1,Multiplicity:1.15
0.017	0.002	0.980	0.001
0.001	0.001	0.997	0.001
0.001	0.536	0.462	0.001
0.945	0.001	0.001	0.053
0.001	0.004	0.994	0.001
0.001	0.001	0.992	0.006
0.614	0.001	0.384	0.001
0.001	0.001	0.926	0.072
>TGAAGCTG	14-TGAAGCTG	8.236954	-9.948382	0	T:480.0(1.75%),B:5213.5(1.46%),P:1e-4	Tpos:97.4,Tstd:55.0,Bpos:100.0,Bstd:56.1,StrandBias:0.0,Multiplicity:1.02
0.100	0.100	0.100	0.700
0.100	0.100	0.700	0.100
0.700	0.100	0.100	0.100
0.700	0.100	0.100	0.100
0.100	0.100	0.700	0.100
0.100	0.700	0.100	0.100
0.100	0.100	0.100	0.700
0.100	0.100	0.700	0.100
>ACCCTAAC	15-ACCCTAAC	8.236954	-5.254381	0	T:106.0(0.39%),B:1063.6(0.30%),P:1e-2	Tpos:103.6,Tstd:57.5,Bpos:99.3,Bstd:58.0,StrandBias:0.5,Multiplicity:1.39
0.700	0.100	0.100	0.100
0.100	0.700	0.100	0.100
0.100	0.700	0.100	0.100
0.100	0.700	0.100	0.100
0.100	0.100	0.100	0.700
0.700	0.100	0.100	0.100
0.700	0.100	0.100	0.100
0.100	0.700	0.100	0.100
