>TGAGTCAY	1-TGAGTCAY	6.776288	-99.273472	0	T:3748.0(13.64%),B:39214.5(10.95%),P:1e-43	Tpos:101.2,Tstd:47.4,Bpos:100.8,Bstd:50.7,StrandBias:-0.0,Multiplicity:1.11
0.019	0.057	0.054	0.870
0.038	0.030	0.778	0.154
0.944	0.001	0.029	0.026
0.078	0.324	0.543	0.055
0.019	0.030	0.050	0.901
0.121	0.806	0.030	0.043
0.900	0.009	0.074	0.017
0.059	0.341	0.117	0.484
>TTACATAA	2-TTACATAA	10.192252	-41.593105	0	T:786.0(2.86%),B:7393.2(2.06%),P:1e-18	Tpos:100.7,Tstd:53.7,Bpos:100.5,Bstd:54.5,StrandBias:-0.0,Multiplicity:1.04
0.001	0.001	0.001	0.997
0.001	0.001	0.001	0.997
0.997	0.001	0.001	0.001
0.001	0.582	0.001	0.416
0.997	0.001	0.001	0.001
0.001	0.001	0.001	0.997
0.997	0.001	0.001	0.001
0.997	0.001	0.001	0.001
>TGAGGTCA	3-TGAGGTCA	4.051403	-26.775094	0	T:2114.0(7.69%),B:23753.9(6.63%),P:1e-11	Tpos:99.2,Tstd:54.7,Bpos:99.5,Bstd:56.8,StrandBias:0.0,Multiplicity:1.04
0.001	0.001	0.001	0.997
0.001	0.001	0.997	0.001
0.997	0.001	0.001	0.001
0.001	0.105	0.893	0.001
0.105	0.001	0.893	0.001
0.001	0.001	0.001	0.997
0.001	0.997	0.001	0.001
0.997	0.001	0.001	0.001
>CGCAGCTG	4-CGCAGCTG	8.901557	-24.055777	0	T:1592.0(5.79%),B:17626.0(4.92%),P:1e-10	Tpos:99.9,Tstd:52.5,Bpos:100.0,Bstd:56.0,StrandBias:-0.0,Multiplicity:1.06
0.001	0.621	0.117	0.261
0.094	0.234	0.671	0.001
0.001	0.912	0.043	0.044
0.997	0.001	0.001	0.001
0.001	0.023	0.975	0.001
0.001	0.952	0.046	0.001
0.059	0.001	0.001	0.939
0.001	0.001	0.973	0.025
>RCCSGGGC	5-RCCSGGGC	4.830232	-23.691929	0	T:5392.0(19.62%),B:64865.9(18.11%),P:1e-10	Tpos:99.3,Tstd:54.1,Bpos:100.2,Bstd:56.0,StrandBias:-0.0,Multiplicity:1.37
0.433	0.063	0.401	0.103
0.157	0.449	0.278	0.116
0.176	0.513	0.270	0.041
0.233	0.393	0.353	0.021
0.250	0.059	0.457	0.234
0.112	0.136	0.630	0.122
0.082	0.289	0.548	0.081
0.001	0.909	0.060	0.030
>GTCACGGC	6-GTCACGGC	7.094450	-22.455698	0	T:1337.0(4.87%),B:14665.7(4.09%),P:1e-9	Tpos:99.6,Tstd:54.8,Bpos:100.2,Bstd:55.9,StrandBias:-0.0,Multiplicity:1.02
0.179	0.001	0.819	0.001
0.001	0.001	0.001	0.997
0.001	0.997	0.001	0.001
0.712	0.286	0.001	0.001
0.001	0.997	0.001	0.001
0.086	0.001	0.912	0.001
0.074	0.001	0.924	0.001
0.001	0.997	0.001	0.001
>ACTNCGTC	7-ACTNCGTC	4.550030	-21.125818	0	T:4336.0(15.78%),B:51865.5(14.48%),P:1e-9	Tpos:100.4,Tstd:55.2,Bpos:100.5,Bstd:56.0,StrandBias:-0.0,Multiplicity:1.12
0.435	0.252	0.280	0.033
0.188	0.489	0.121	0.202
0.192	0.143	0.041	0.624
0.282	0.265	0.173	0.280
0.001	0.626	0.178	0.195
0.168	0.150	0.681	0.001
0.113	0.205	0.096	0.586
0.104	0.762	0.133	0.001
>TAAAAAGA	8-TAAAAAGA	6.968694	-20.745968	0	T:4267.0(15.53%),B:51043.6(14.25%),P:1e-9	Tpos:101.3,Tstd:59.5,Bpos:100.0,Bstd:57.8,StrandBias:0.0,Multiplicity:1.12
0.002	0.001	0.311	0.686
0.997	0.001	0.001	0.001
0.581	0.315	0.001	0.103
0.790	0.118	0.001	0.091
0.942	0.001	0.005	0.052
0.939	0.005	0.004	0.052
0.001	0.001	0.938	0.060
0.997	0.001	0.001	0.001
>AAAAAAAA	9-AAAAAAAA	10.967290	-18.384286	0	T:1779.0(6.47%),B:20329.8(5.67%),P:1e-7	Tpos:98.9,Tstd:64.6,Bpos:99.3,Bstd:63.5,StrandBias:-0.0,Multiplicity:1.07
0.903	0.095	0.001	0.001
0.997	0.001	0.001	0.001
0.997	0.001	0.001	0.001
0.997	0.001	0.001	0.001
0.997	0.001	0.001	0.001
0.997	0.001	0.001	0.001
0.997	0.001	0.001	0.001
0.997	0.001	0.001	0.001
>ATCGCGTG	10-ATCGCGTG	7.013901	-17.627774	0	T:359.0(1.31%),B:3458.3(0.97%),P:1e-7	Tpos:99.9,Tstd:51.7,Bpos:100.3,Bstd:52.5,StrandBias:-0.2,Multiplicity:1.01
0.800	0.020	0.125	0.055
0.001	0.048	0.001	0.950
0.030	0.927	0.042	0.001
0.031	0.036	0.932	0.001
0.092	0.906	0.001	0.001
0.024	0.001	0.777	0.198
0.084	0.014	0.042	0.860
0.001	0.087	0.874	0.038
>GCACTCAA	11-GCACTCAA	7.258647	-17.289596	0	T:2022.0(7.36%),B:23415.0(6.54%),P:1e-7	Tpos:98.7,Tstd:54.0,Bpos:100.3,Bstd:56.0,StrandBias:-0.1,Multiplicity:1.03
0.001	0.180	0.818	0.001
0.205	0.793	0.001	0.001
0.960	0.001	0.038	0.001
0.144	0.854	0.001	0.001
0.001	0.112	0.001	0.886
0.135	0.863	0.001	0.001
0.935	0.063	0.001	0.001
0.846	0.001	0.152	0.001
>TKTCCAGC	12-TKTCCAGC	10.241500	-15.221980	0	T:773.0(2.81%),B:8380.0(2.34%),P:1e-6	Tpos:102.8,Tstd:55.2,Bpos:101.0,Bstd:56.8,StrandBias:0.0,Multiplicity:1.02
0.001	0.001	0.001	0.997
0.001	0.001	0.437	0.561
0.001	0.001	0.001	0.997
0.001	0.997	0.001	0.001
0.001	0.997	0.001	0.001
0.997	0.001	0.001	0.001
0.001	0.001	0.997	0.001
0.001	0.997	0.001	0.001
>GGSAGGAG	13-GGSAGGAG	7.105486	-13.571605	0	T:4014.0(14.61%),B:48811.2(13.62%),P:1e-5	Tpos:100.1,Tstd:53.9,Bpos:99.7,Bstd:56.9,StrandBias:0.1,Multiplicity:1.15
0.017	0.002	0.980	0.001
0.001	0.001	0.997	0.001
0.001	0.536	0.462	0.001
0.945	0.001	0.001	0.053
0.001	0.004	0.994	0.001
0.001	0.001	0.992	0.006
0.614	0.001	0.384	0.001
0.001	0.001	0.926	0.072
>TGAAGCTG	14-TGAAGCTG	8.236954	-9.948382	0	T:480.0(1.75%),B:5213.5(1.46%),P:1e-4	Tpos:97.4,Tstd:55.0,Bpos:100.0,Bstd:56.1,StrandBias:0.0,Multiplicity:1.02
0.100	0.100	0.100	0.700
0.100	0.100	0.700	0.100
0.700	0.100	0.100	0.100
0.700	0.100	0.100	0.100
0.100	0.100	0.700	0.100
0.100	0.700	0.100	0.100
0.100	0.100	0.100	0.700
0.100	0.100	0.700	0.100
>ACCCTAAC	15-ACCCTAAC	8.236954	-5.254381	0	T:106.0(0.39%),B:1063.6(0.30%),P:1e-2	Tpos:103.6,Tstd:57.5,Bpos:99.3,Bstd:58.0,StrandBias:0.5,Multiplicity:1.39
0.700	0.100	0.100	0.100
0.100	0.700	0.100	0.100
0.100	0.700	0.100	0.100
0.100	0.700	0.100	0.100
0.100	0.100	0.100	0.700
0.700	0.100	0.100	0.100
0.700	0.100	0.100	0.100
0.100	0.700	0.100	0.100
