>WATGASTCATHN	1-WATGASTCATHN	7.639630	-147.761257	0	T:2968.0(10.80%),B:28296.3(7.90%),P:1e-64	Tpos:100.8,Tstd:46.7,Bpos:100.9,Bstd:48.9,StrandBias:0.0,Multiplicity:1.09
0.234	0.184	0.212	0.371
0.515	0.151	0.251	0.083
0.022	0.001	0.005	0.972
0.027	0.001	0.610	0.362
0.994	0.001	0.001	0.004
0.170	0.402	0.308	0.120
0.066	0.049	0.001	0.884
0.057	0.936	0.001	0.006
0.968	0.030	0.001	0.001
0.144	0.238	0.137	0.482
0.374	0.225	0.162	0.239
0.254	0.329	0.186	0.232
>TTATATAAYWDB	2-TTATATAAYWDB	9.107759	-59.496201	0	T:515.0(1.87%),B:4058.1(1.13%),P:1e-25	Tpos:101.7,Tstd:48.9,Bpos:101.6,Bstd:51.5,StrandBias:0.1,Multiplicity:1.03
0.033	0.045	0.021	0.901
0.055	0.055	0.091	0.799
0.912	0.056	0.031	0.001
0.056	0.310	0.001	0.633
0.642	0.005	0.345	0.008
0.055	0.067	0.072	0.806
0.907	0.001	0.064	0.028
0.787	0.030	0.071	0.112
0.014	0.432	0.172	0.382
0.391	0.232	0.015	0.362
0.285	0.148	0.217	0.350
0.034	0.326	0.345	0.295
>GCCACTGCACCC	3-GCCACTGCACCC	8.149114	-46.855365	0	T:2001.0(7.28%),B:21160.0(5.91%),P:1e-20	Tpos:99.5,Tstd:53.6,Bpos:100.0,Bstd:55.0,StrandBias:-0.1,Multiplicity:1.06
0.241	0.024	0.734	0.001
0.013	0.770	0.149	0.068
0.046	0.791	0.001	0.162
0.805	0.162	0.001	0.032
0.119	0.629	0.150	0.102
0.212	0.184	0.038	0.566
0.050	0.024	0.912	0.014
0.063	0.929	0.001	0.007
0.490	0.183	0.140	0.187
0.001	0.879	0.007	0.113
0.001	0.612	0.001	0.386
0.033	0.769	0.001	0.197
>NTRTAGTCCTAG	4-NTRTAGTCCTAG	7.317795	-36.250731	0	T:1746.0(6.35%),B:18715.3(5.22%),P:1e-15	Tpos:100.5,Tstd:55.4,Bpos:99.6,Bstd:54.8,StrandBias:0.1,Multiplicity:1.04
0.257	0.252	0.260	0.231
0.411	0.001	0.001	0.587
0.456	0.001	0.542	0.001
0.180	0.031	0.037	0.752
0.704	0.001	0.001	0.294
0.176	0.239	0.502	0.083
0.269	0.001	0.001	0.729
0.226	0.602	0.001	0.171
0.277	0.721	0.001	0.001
0.235	0.040	0.001	0.724
0.785	0.001	0.001	0.213
0.217	0.226	0.556	0.001
>GCCTGGGTGACC	5-GCCTGGGTGACC	6.822258	-35.355106	0	T:2093.0(7.62%),B:22913.3(6.40%),P:1e-15	Tpos:99.7,Tstd:54.0,Bpos:99.9,Bstd:57.0,StrandBias:0.1,Multiplicity:1.04
0.081	0.086	0.743	0.090
0.094	0.729	0.095	0.082
0.083	0.767	0.065	0.085
0.091	0.079	0.063	0.767
0.077	0.083	0.758	0.082
0.085	0.074	0.762	0.079
0.090	0.093	0.711	0.106
0.084	0.061	0.077	0.778
0.077	0.079	0.768	0.076
0.743	0.087	0.088	0.082
0.076	0.750	0.085	0.089
0.096	0.727	0.082	0.095
>CTCAGCTAACTG	6-CTCAGCTAACTG	8.321162	-32.229767	0	T:919.0(3.34%),B:9240.2(2.58%),P:1e-13	Tpos:102.1,Tstd:51.6,Bpos:99.0,Bstd:52.5,StrandBias:0.0,Multiplicity:1.02
0.001	0.749	0.135	0.115
0.169	0.079	0.001	0.751
0.115	0.738	0.005	0.142
0.899	0.001	0.099	0.001
0.001	0.099	0.738	0.162
0.148	0.615	0.135	0.102
0.042	0.086	0.134	0.738
0.771	0.096	0.132	0.001
0.618	0.093	0.124	0.165
0.079	0.704	0.118	0.099
0.046	0.054	0.001	0.899
0.124	0.001	0.755	0.120
>GCTTTGTAATCA	7-GCTTTGTAATCA	14.348687	-31.217246	0	T:8.0(0.03%),B:1.9(0.00%),P:1e-13	Tpos:88.6,Tstd:59.4,Bpos:181.2,Bstd:13.3,StrandBias:-1.6,Multiplicity:1.00
0.001	0.001	0.997	0.001
0.001	0.997	0.001	0.001
0.001	0.001	0.001	0.997
0.001	0.001	0.001	0.997
0.001	0.105	0.001	0.893
0.001	0.001	0.997	0.001
0.001	0.001	0.001	0.997
0.997	0.001	0.001	0.001
0.997	0.001	0.001	0.001
0.001	0.001	0.001	0.997
0.001	0.997	0.001	0.001
0.997	0.001	0.001	0.001
>TTTTTTTTTTTT	8-TTTTTTTTTTTT	7.789160	-29.066546	0	T:1796.0(6.54%),B:19747.2(5.51%),P:1e-12	Tpos:98.8,Tstd:63.0,Bpos:99.2,Bstd:62.2,StrandBias:-0.0,Multiplicity:1.08
0.202	0.161	0.179	0.459
0.195	0.143	0.158	0.504
0.143	0.198	0.166	0.493
0.194	0.222	0.140	0.444
0.136	0.151	0.096	0.617
0.162	0.146	0.091	0.601
0.167	0.093	0.085	0.655
0.108	0.206	0.025	0.661
0.062	0.073	0.079	0.786
0.055	0.171	0.064	0.710
0.026	0.186	0.259	0.529
0.245	0.087	0.190	0.478
>TATGTCGTGACT	9-TATGTCGTGACT	8.826929	-24.028060	0	T:61.0(0.22%),B:300.9(0.08%),P:1e-10	Tpos:96.1,Tstd:49.7,Bpos:102.8,Bstd:55.3,StrandBias:-0.2,Multiplicity:1.00
0.088	0.104	0.227	0.581
0.565	0.223	0.090	0.122
0.164	0.073	0.107	0.656
0.074	0.069	0.740	0.117
0.250	0.116	0.088	0.546
0.078	0.715	0.003	0.204
0.001	0.001	0.935	0.063
0.269	0.001	0.147	0.583
0.004	0.070	0.750	0.176
0.620	0.069	0.096	0.215
0.073	0.592	0.231	0.104
0.220	0.005	0.078	0.697
>GGTTTTCGTTAT	10-GGTTTTCGTTAT	13.542304	-23.713545	0	T:9.0(0.03%),B:4.6(0.00%),P:1e-10	Tpos:73.2,Tstd:55.0,Bpos:111.7,Bstd:27.0,StrandBias:0.3,Multiplicity:1.00
0.001	0.001	0.997	0.001
0.001	0.001	0.997	0.001
0.001	0.419	0.001	0.579
0.001	0.001	0.001	0.997
0.419	0.001	0.001	0.579
0.001	0.001	0.001	0.997
0.139	0.859	0.001	0.001
0.001	0.001	0.997	0.001
0.001	0.001	0.001	0.997
0.001	0.001	0.001	0.997
0.997	0.001	0.001	0.001
0.001	0.001	0.001	0.997
>ACGGAGTTTCGC	11-ACGGAGTTTCGC	10.753690	-23.601401	0	T:158.0(0.58%),B:1174.1(0.33%),P:1e-10	Tpos:98.9,Tstd:58.3,Bpos:100.1,Bstd:59.7,StrandBias:0.5,Multiplicity:1.01
0.830	0.001	0.001	0.168
0.001	0.749	0.001	0.249
0.191	0.001	0.714	0.094
0.001	0.001	0.997	0.001
0.629	0.169	0.201	0.001
0.001	0.001	0.997	0.001
0.001	0.001	0.001	0.997
0.001	0.063	0.001	0.935
0.001	0.001	0.337	0.661
0.001	0.672	0.094	0.233
0.007	0.008	0.690	0.295
0.001	0.744	0.001	0.254
>TATCACTGTTCT	12-TATCACTGTTCT	9.703379	-21.483916	0	T:159.0(0.58%),B:1221.4(0.34%),P:1e-9	Tpos:109.0,Tstd:55.1,Bpos:101.6,Bstd:53.1,StrandBias:-0.1,Multiplicity:1.00
0.001	0.040	0.058	0.901
0.943	0.032	0.001	0.024
0.033	0.049	0.033	0.885
0.111	0.685	0.034	0.170
0.736	0.057	0.181	0.026
0.049	0.904	0.030	0.017
0.139	0.001	0.124	0.736
0.049	0.101	0.814	0.036
0.038	0.065	0.126	0.771
0.091	0.033	0.033	0.843
0.036	0.929	0.034	0.001
0.001	0.031	0.098	0.870
>TAATTATAGAAC	13-TAATTATAGAAC	13.868265	-20.019485	0	T:14.0(0.05%),B:21.5(0.01%),P:1e-8	Tpos:110.1,Tstd:51.0,Bpos:90.4,Bstd:58.5,StrandBias:-0.4,Multiplicity:1.00
0.001	0.001	0.001	0.997
0.875	0.001	0.123	0.001
0.997	0.001	0.001	0.001
0.001	0.001	0.001	0.997
0.001	0.001	0.074	0.924
0.997	0.001	0.001	0.001
0.001	0.001	0.001	0.997
0.997	0.001	0.001	0.001
0.001	0.001	0.997	0.001
0.997	0.001	0.001	0.001
0.997	0.001	0.001	0.001
0.001	0.997	0.001	0.001
>TGTCCAGCTGGG	14-TGTCCAGCTGGG	8.977759	-19.700624	0	T:629.0(2.29%),B:6452.3(1.80%),P:1e-8	Tpos:97.4,Tstd:52.2,Bpos:100.2,Bstd:55.7,StrandBias:0.0,Multiplicity:1.03
0.056	0.061	0.058	0.825
0.058	0.070	0.761	0.111
0.049	0.076	0.051	0.824
0.092	0.796	0.060	0.052
0.063	0.855	0.048	0.034
0.834	0.060	0.038	0.068
0.042	0.038	0.876	0.044
0.058	0.856	0.032	0.054
0.044	0.039	0.080	0.837
0.031	0.038	0.871	0.060
0.052	0.053	0.832	0.063
0.063	0.051	0.835	0.051
>CTCCATATATTA	15-CTCCATATATTA	12.355432	-19.012148	0	T:7.0(0.03%),B:3.8(0.00%),P:1e-8	Tpos:59.2,Tstd:39.1,Bpos:144.9,Bstd:64.9,StrandBias:1.0,Multiplicity:1.00
0.100	0.700	0.100	0.100
0.100	0.100	0.100	0.700
0.100	0.700	0.100	0.100
0.100	0.700	0.100	0.100
0.700	0.100	0.100	0.100
0.100	0.100	0.100	0.700
0.700	0.100	0.100	0.100
0.100	0.100	0.100	0.700
0.700	0.100	0.100	0.100
0.100	0.100	0.100	0.700
0.100	0.100	0.100	0.700
0.700	0.100	0.100	0.100
>CGGGCCGTTCCC	16-CGGGCCGTTCCC	14.302951	-18.613644	0	T:8.0(0.03%),B:5.1(0.00%),P:1e-8	Tpos:106.8,Tstd:54.4,Bpos:118.5,Bstd:14.1,StrandBias:1.6,Multiplicity:1.00
0.001	0.997	0.001	0.001
0.001	0.001	0.997	0.001
0.001	0.001	0.997	0.001
0.001	0.001	0.997	0.001
0.001	0.997	0.001	0.001
0.113	0.885	0.001	0.001
0.001	0.001	0.997	0.001
0.001	0.001	0.001	0.997
0.001	0.001	0.001	0.997
0.001	0.997	0.001	0.001
0.113	0.885	0.001	0.001
0.001	0.997	0.001	0.001
>TGCTGATTGGTG	17-TGCTGATTGGTG	13.856161	-18.064060	0	T:17.0(0.06%),B:38.8(0.01%),P:1e-7	Tpos:102.8,Tstd:56.6,Bpos:103.6,Bstd:54.1,StrandBias:-1.8,Multiplicity:1.29
0.001	0.001	0.001	0.997
0.001	0.001	0.927	0.071
0.001	0.901	0.097	0.001
0.001	0.001	0.001	0.997
0.001	0.001	0.997	0.001
0.997	0.001	0.001	0.001
0.001	0.001	0.001	0.997
0.001	0.001	0.001	0.997
0.001	0.001	0.997	0.001
0.001	0.001	0.997	0.001
0.001	0.001	0.001	0.997
0.001	0.001	0.997	0.001
>CACTTCCTAGTT	18-CACTTCCTAGTT	12.629071	-16.145663	0	T:27.0(0.10%),B:104.1(0.03%),P:1e-7	Tpos:94.8,Tstd:55.0,Bpos:105.7,Bstd:56.4,StrandBias:0.9,Multiplicity:1.26
0.001	0.926	0.001	0.072
0.726	0.001	0.272	0.001
0.001	0.997	0.001	0.001
0.001	0.001	0.001	0.997
0.204	0.001	0.001	0.794
0.001	0.997	0.001	0.001
0.001	0.997	0.001	0.001
0.001	0.001	0.001	0.997
0.905	0.001	0.093	0.001
0.001	0.001	0.997	0.001
0.164	0.001	0.001	0.834
0.001	0.001	0.179	0.819
>CAACCCCCAATC	19-CAACCCCCAATC	14.017084	-15.366462	0	T:10.0(0.04%),B:14.0(0.00%),P:1e-6	Tpos:81.6,Tstd:51.5,Bpos:107.6,Bstd:50.6,StrandBias:-0.5,Multiplicity:1.20
0.001	0.884	0.114	0.001
0.997	0.001	0.001	0.001
0.997	0.001	0.001	0.001
0.001	0.997	0.001	0.001
0.114	0.800	0.001	0.085
0.001	0.997	0.001	0.001
0.001	0.997	0.001	0.001
0.001	0.997	0.001	0.001
0.997	0.001	0.001	0.001
0.997	0.001	0.001	0.001
0.001	0.001	0.001	0.997
0.001	0.997	0.001	0.001
>TTTATATTTATA	20-TTTATATTTATA	8.206529	-14.184259	0	T:880.0(3.20%),B:9727.1(2.72%),P:1e-6	Tpos:105.3,Tstd:60.1,Bpos:100.7,Bstd:59.3,StrandBias:0.1,Multiplicity:1.10
0.099	0.110	0.219	0.572
0.161	0.206	0.155	0.479
0.011	0.016	0.074	0.899
0.736	0.123	0.073	0.068
0.159	0.013	0.083	0.745
0.626	0.018	0.180	0.176
0.077	0.115	0.217	0.591
0.164	0.122	0.026	0.688
0.167	0.069	0.151	0.613
0.664	0.097	0.077	0.162
0.116	0.076	0.129	0.679
0.707	0.053	0.079	0.161
>CCTGTGGTGGAT	21-CCTGTGGTGGAT	14.302951	-12.658264	0	T:6.0(0.02%),B:5.2(0.00%),P:1e-5	Tpos:121.1,Tstd:60.1,Bpos:69.1,Bstd:25.0,StrandBias:-2.8,Multiplicity:1.33
0.001	0.997	0.001	0.001
0.001	0.997	0.001	0.001
0.001	0.113	0.001	0.885
0.001	0.001	0.997	0.001
0.001	0.001	0.001	0.997
0.001	0.001	0.997	0.001
0.001	0.001	0.997	0.001
0.001	0.001	0.001	0.997
0.001	0.113	0.885	0.001
0.001	0.001	0.997	0.001
0.997	0.001	0.001	0.001
0.001	0.001	0.001	0.997
>TAAATACGSTMG	22-TAAATACGSTMG	10.224521	-10.799810	0	T:4.0(0.01%),B:2.8(0.00%),P:1e-4	Tpos:103.9,Tstd:44.3,Bpos:92.6,Bstd:65.2,StrandBias:10.0,Multiplicity:2.25
0.126	0.103	0.092	0.679
0.659	0.102	0.109	0.130
0.677	0.086	0.115	0.122
0.676	0.134	0.115	0.075
0.145	0.046	0.092	0.717
0.667	0.111	0.165	0.057
0.079	0.768	0.069	0.084
0.080	0.080	0.694	0.146
0.001	0.453	0.545	0.001
0.108	0.138	0.052	0.702
0.452	0.546	0.001	0.001
0.086	0.058	0.764	0.092
>CCGGGCCSGGCC	23-CCGGGCCSGGCC	6.021424	-9.398908	0	T:5820.0(21.18%),B:72591.1(20.26%),P:1e-4	Tpos:100.8,Tstd:52.5,Bpos:100.0,Bstd:54.0,StrandBias:-0.0,Multiplicity:1.58
0.080	0.582	0.335	0.003
0.257	0.408	0.171	0.164
0.164	0.234	0.504	0.098
0.122	0.115	0.722	0.041
0.005	0.386	0.607	0.002
0.001	0.950	0.048	0.001
0.218	0.455	0.169	0.158
0.128	0.414	0.331	0.127
0.229	0.170	0.430	0.170
0.001	0.288	0.708	0.003
0.001	0.676	0.317	0.006
0.034	0.760	0.062	0.144
>ACCCTAACCCTA	24-ACCCTAACCCTA	12.963327	-6.834741	0	T:8.0(0.03%),B:26.3(0.01%),P:1e-2	Tpos:99.1,Tstd:58.7,Bpos:97.4,Bstd:46.2,StrandBias:4.5,Multiplicity:5.88
0.997	0.001	0.001	0.001
0.032	0.966	0.001	0.001
0.001	0.997	0.001	0.001
0.001	0.997	0.001	0.001
0.001	0.001	0.001	0.997
0.997	0.001	0.001	0.001
0.997	0.001	0.001	0.001
0.001	0.997	0.001	0.001
0.032	0.966	0.001	0.001
0.032	0.966	0.001	0.001
0.094	0.001	0.033	0.872
0.997	0.001	0.001	0.001
>CAACTACACCAA	25-CAACTACACCAA	12.355432	-6.371382	0	T:3.0(0.01%),B:3.7(0.00%),P:1e-2	Tpos:104.9,Tstd:49.1,Bpos:138.1,Bstd:24.7,StrandBias:-1.3,Multiplicity:2.33
0.100	0.700	0.100	0.100
0.700	0.100	0.100	0.100
0.700	0.100	0.100	0.100
0.100	0.700	0.100	0.100
0.100	0.100	0.100	0.700
0.700	0.100	0.100	0.100
0.100	0.700	0.100	0.100
0.700	0.100	0.100	0.100
0.100	0.700	0.100	0.100
0.100	0.700	0.100	0.100
0.700	0.100	0.100	0.100
0.700	0.100	0.100	0.100
