>CCTCCTCCGCCT	6-CCTCCTCCGCCT	7.235945	-31.122979	0	T:4718.0(17.20%),B:55603.5(15.54%),P:1e-13
0.024	0.805	0.089	0.082
0.088	0.738	0.063	0.111
0.109	0.133	0.130	0.628
0.016	0.802	0.117	0.065
0.047	0.820	0.022	0.111
0.066	0.128	0.074	0.732
0.018	0.933	0.034	0.015
0.082	0.709	0.085	0.124
0.098	0.146	0.615	0.141
0.057	0.798	0.044	0.101
0.094	0.745	0.068	0.093
0.116	0.126	0.083	0.675
