>CATTACATAACT	5-CATTACATAACT,BestGuess:NFIL3/MA0025.1/Jaspar(0.768)	9.882050	-33.233468	0	T:78.0(0.28%),B:361.3(0.10%),P:1e-14
0.271	0.436	0.101	0.192
0.568	0.134	0.001	0.297
0.001	0.007	0.384	0.608
0.001	0.069	0.255	0.675
0.820	0.001	0.178	0.001
0.001	0.653	0.248	0.098
0.617	0.381	0.001	0.001
0.003	0.011	0.001	0.985
0.573	0.008	0.162	0.257
0.734	0.001	0.258	0.007
0.197	0.606	0.001	0.196
0.001	0.388	0.040	0.571
