>ACTCCAGCTTGG	3-ACTCCAGCTTGG,BestGuess:Nr2e3/MA0164.1/Jaspar(0.589)	8.820482	-39.666145	0	T:1026.0(3.74%),B:10167.2(2.84%),P:1e-17
0.726	0.095	0.125	0.054
0.029	0.793	0.083	0.095
0.130	0.022	0.075	0.773
0.126	0.732	0.059	0.083
0.119	0.705	0.070	0.106
0.719	0.080	0.085	0.116
0.111	0.018	0.853	0.018
0.092	0.737	0.112	0.059
0.048	0.079	0.118	0.755
0.101	0.086	0.140	0.673
0.018	0.104	0.816	0.062
0.085	0.101	0.717	0.097
