>CCAAGCTGGAGT	3-ACTCCAGCTTGG	8.820482	-39.666145	0	T:1026.0(3.74%),B:10167.2(2.84%),P:1e-17
0.097	0.717	0.101	0.085
0.062	0.816	0.104	0.018
0.673	0.140	0.086	0.101
0.755	0.118	0.079	0.048
0.059	0.112	0.737	0.092
0.018	0.853	0.018	0.111
0.116	0.085	0.080	0.719
0.106	0.070	0.705	0.119
0.083	0.059	0.732	0.126
0.773	0.075	0.022	0.130
0.095	0.083	0.793	0.029
0.054	0.125	0.095	0.726
