>GCCGTGATCGCG	12-CGCGATCACGGC	7.737165	-24.983810	0	T:273.0(1.00%),B:2314.6(0.65%),P:1e-10
0.046	0.082	0.801	0.071
0.055	0.773	0.168	0.004
0.079	0.618	0.118	0.185
0.106	0.136	0.589	0.169
0.229	0.136	0.177	0.458
0.039	0.128	0.801	0.032
0.503	0.218	0.135	0.144
0.072	0.206	0.186	0.536
0.111	0.610	0.073	0.206
0.185	0.157	0.464	0.194
0.139	0.552	0.115	0.194
0.163	0.129	0.567	0.141
