>TGTGGCTTCCAC	10-TGTGGCTTCCAC,BestGuess:FOXH1/MA0479.1/Jaspar(0.618)	8.742278	-27.438757	0	T:93.0(0.34%),B:529.3(0.15%),P:1e-11
0.230	0.009	0.227	0.534
0.009	0.265	0.721	0.005
0.026	0.231	0.182	0.561
0.184	0.004	0.522	0.290
0.002	0.093	0.679	0.226
0.203	0.447	0.126	0.224
0.156	0.144	0.264	0.435
0.035	0.206	0.249	0.510
0.004	0.694	0.216	0.086
0.042	0.602	0.190	0.166
0.663	0.278	0.054	0.005
0.249	0.688	0.007	0.056
