>MAGGCCCCGCCC	14-MAGGCCCCGCCC	8.865356	-24.423505	0	T:747.0(2.72%),B:7607.7(2.13%),P:1e-10
0.397	0.434	0.115	0.054
0.573	0.234	0.021	0.172
0.335	0.091	0.526	0.048
0.001	0.031	0.967	0.001
0.138	0.726	0.135	0.001
0.073	0.844	0.045	0.038
0.093	0.801	0.020	0.086
0.039	0.910	0.042	0.009
0.177	0.001	0.680	0.142
0.085	0.857	0.010	0.048
0.023	0.832	0.007	0.138
0.123	0.682	0.153	0.042
