>CCGGGCGTGGTG	8-CCGGGCGTGGTG,BestGuess:PB0039.1_Klf7_1/Jaspar(0.706)	8.028976	-27.779460	0	T:929.0(3.39%),B:9560.6(2.67%),P:1e-12
0.176	0.608	0.089	0.127
0.158	0.576	0.125	0.141
0.211	0.029	0.602	0.158
0.136	0.124	0.665	0.075
0.020	0.185	0.712	0.083
0.170	0.636	0.061	0.133
0.156	0.028	0.646	0.170
0.113	0.173	0.109	0.605
0.089	0.086	0.798	0.027
0.031	0.135	0.719	0.115
0.087	0.020	0.218	0.675
0.041	0.082	0.758	0.119
