>TGTAATCCTAGC	2-TGTAATCCTAGC,BestGuess:OTX2/MA0712.1/Jaspar(0.668)	6.695606	-40.321090	0	T:3356.0(12.24%),B:37925.0(10.60%),P:1e-17
0.094	0.052	0.080	0.774
0.083	0.082	0.733	0.102
0.081	0.098	0.073	0.748
0.733	0.080	0.086	0.101
0.735	0.088	0.095	0.082
0.086	0.073	0.084	0.757
0.093	0.724	0.096	0.087
0.093	0.780	0.050	0.077
0.092	0.103	0.059	0.746
0.772	0.052	0.095	0.081
0.081	0.086	0.750	0.083
0.084	0.751	0.085	0.080
