>AGATCGAGACTC	9-AGATCGAGACTC	8.285505	-27.484231	0	T:695.0(2.53%),B:6883.3(1.92%),P:1e-11
0.882	0.010	0.046	0.062
0.066	0.058	0.841	0.035
0.835	0.066	0.044	0.055
0.096	0.053	0.141	0.710
0.062	0.753	0.080	0.105
0.092	0.050	0.769	0.089
0.911	0.034	0.035	0.020
0.025	0.049	0.888	0.038
0.793	0.067	0.087	0.053
0.071	0.883	0.040	0.006
0.051	0.038	0.034	0.877
0.030	0.861	0.038	0.071
