>CGCGATCACGGC	12-CGCGATCACGGC,BestGuess:Gfi1b(Zf)/HPC7-Gfi1b-ChIP-Seq(GSE22178)/Homer(0.666)	7.737165	-24.983810	0	T:273.0(1.00%),B:2314.6(0.65%),P:1e-10
0.141	0.567	0.129	0.163
0.194	0.115	0.552	0.139
0.194	0.464	0.157	0.185
0.206	0.073	0.610	0.111
0.536	0.186	0.206	0.072
0.144	0.135	0.218	0.503
0.032	0.801	0.128	0.039
0.458	0.177	0.136	0.229
0.169	0.589	0.136	0.106
0.185	0.118	0.618	0.079
0.004	0.168	0.773	0.055
0.071	0.801	0.082	0.046
