>AAAAAAAAAAAA	4-TTTTTTTTTTTT	11.229335	-36.846492	0	T:911.0(3.32%),B:8970.9(2.51%),P:1e-16
0.567	0.081	0.128	0.224
0.546	0.385	0.001	0.068
0.754	0.046	0.107	0.093
0.796	0.195	0.001	0.008
0.838	0.089	0.033	0.040
0.976	0.022	0.001	0.001
0.722	0.063	0.214	0.001
0.690	0.085	0.224	0.001
0.759	0.088	0.152	0.001
0.739	0.129	0.114	0.018
0.757	0.064	0.175	0.004
0.570	0.234	0.155	0.041
