>TTTTTTTTTTTT	4-TTTTTTTTTTTT,BestGuess:PB0182.1_Srf_2/Jaspar(0.862)	11.229335	-36.846492	0	T:911.0(3.32%),B:8970.9(2.51%),P:1e-16
0.041	0.155	0.234	0.570
0.004	0.175	0.064	0.757
0.018	0.114	0.129	0.739
0.001	0.152	0.088	0.759
0.001	0.224	0.085	0.690
0.001	0.214	0.063	0.722
0.001	0.001	0.022	0.976
0.040	0.033	0.089	0.838
0.008	0.001	0.195	0.796
0.093	0.107	0.046	0.754
0.068	0.001	0.385	0.546
0.224	0.128	0.081	0.567
