>TATAGATATATA	23-TATAGATATATA,BestGuess:PB0198.1_Zfp128_2/Jaspar(0.752)	7.563151	-11.328454	0	T:958.0(3.49%),B:10893.6(3.04%),P:1e-4
0.126	0.075	0.039	0.760
0.913	0.082	0.003	0.002
0.032	0.094	0.168	0.706
0.909	0.017	0.003	0.071
0.009	0.057	0.878	0.056
0.542	0.014	0.092	0.352
0.103	0.090	0.039	0.768
0.822	0.074	0.086	0.018
0.160	0.188	0.042	0.610
0.666	0.109	0.209	0.016
0.068	0.125	0.085	0.722
0.704	0.166	0.049	0.081
