>GCTAGGATTACA	2-TGTAATCCTAGC	6.695606	-40.321090	0	T:3356.0(12.24%),B:37925.0(10.60%),P:1e-17
0.080	0.085	0.751	0.084
0.083	0.750	0.086	0.081
0.081	0.095	0.052	0.772
0.746	0.059	0.103	0.092
0.077	0.050	0.780	0.093
0.087	0.096	0.724	0.093
0.757	0.084	0.073	0.086
0.082	0.095	0.088	0.735
0.101	0.086	0.080	0.733
0.748	0.073	0.098	0.081
0.102	0.733	0.082	0.083
0.774	0.080	0.052	0.094
