>SNRTGASTCABH	1-SNRTGASTCABH	9.123953	-76.956926	0	T:1729.0(6.17%),B:16367.2(4.58%),P:1e-33	Tpos:101.7,Tstd:42.3,Bpos:101.2,Bstd:47.6,StrandBias:-0.0,Multiplicity:1.04
0.226	0.267	0.410	0.098
0.246	0.210	0.296	0.249
0.427	0.176	0.396	0.001
0.001	0.001	0.001	0.997
0.001	0.001	0.997	0.001
0.997	0.001	0.001	0.001
0.001	0.366	0.440	0.193
0.001	0.001	0.001	0.997
0.001	0.997	0.001	0.001
0.997	0.001	0.001	0.001
0.001	0.325	0.265	0.409
0.313	0.352	0.119	0.215
>CATTGCACTCCA	2-CATTGCACTCCA	8.920437	-51.421086	0	T:1103.0(3.94%),B:10363.3(2.90%),P:1e-22	Tpos:98.3,Tstd:51.4,Bpos:100.0,Bstd:53.8,StrandBias:-0.1,Multiplicity:1.02
0.047	0.941	0.001	0.011
0.879	0.018	0.033	0.070
0.045	0.114	0.162	0.679
0.183	0.103	0.046	0.668
0.001	0.083	0.915	0.001
0.015	0.736	0.076	0.173
0.627	0.043	0.001	0.329
0.011	0.843	0.135	0.011
0.076	0.028	0.001	0.895
0.257	0.616	0.085	0.042
0.035	0.835	0.093	0.037
0.727	0.141	0.001	0.131
>TGKADYCCCAGC	3-TGKADYCCCAGC	9.195640	-41.148521	0	T:1551.0(5.53%),B:15810.1(4.42%),P:1e-17	Tpos:99.2,Tstd:55.4,Bpos:100.0,Bstd:56.5,StrandBias:-0.0,Multiplicity:1.04
0.001	0.001	0.001	0.997
0.071	0.001	0.622	0.306
0.198	0.098	0.279	0.425
0.476	0.217	0.262	0.045
0.314	0.080	0.290	0.316
0.145	0.303	0.163	0.389
0.040	0.958	0.001	0.001
0.001	0.997	0.001	0.001
0.220	0.577	0.001	0.202
0.997	0.001	0.001	0.001
0.001	0.207	0.791	0.001
0.077	0.910	0.008	0.005
>GCACGATATCGT	4-GCACGATATCGT	13.580204	-40.639404	0	T:10.0(0.04%),B:2.0(0.00%),P:1e-17	Tpos:90.8,Tstd:47.0,Bpos:117.1,Bstd:61.1,StrandBias:0.6,Multiplicity:1.00
0.001	0.001	0.997	0.001
0.120	0.878	0.001	0.001
0.997	0.001	0.001	0.001
0.001	0.997	0.001	0.001
0.001	0.001	0.997	0.001
0.878	0.001	0.001	0.120
0.001	0.001	0.001	0.997
0.605	0.273	0.121	0.001
0.001	0.001	0.001	0.997
0.121	0.757	0.001	0.121
0.001	0.001	0.997	0.001
0.001	0.001	0.001	0.997
>TTTTTTTTTTTT	5-TTTTTTTTTTTT	12.369913	-34.014104	0	T:827.0(2.95%),B:7945.6(2.22%),P:1e-14	Tpos:100.4,Tstd:64.2,Bpos:99.1,Bstd:63.6,StrandBias:-0.1,Multiplicity:1.02
0.014	0.050	0.020	0.916
0.016	0.053	0.020	0.911
0.014	0.046	0.018	0.922
0.001	0.018	0.012	0.969
0.001	0.017	0.001	0.981
0.001	0.009	0.001	0.989
0.006	0.001	0.001	0.992
0.001	0.001	0.001	0.997
0.001	0.009	0.005	0.985
0.001	0.001	0.004	0.994
0.001	0.001	0.001	0.997
0.001	0.022	0.061	0.916
>GCGCCAAGAGAG	6-GCGCCAAGAGAG	14.302951	-31.044964	0	T:8.0(0.03%),B:1.8(0.00%),P:1e-13	Tpos:79.2,Tstd:70.9,Bpos:98.7,Bstd:6.4,StrandBias:0.0,Multiplicity:1.00
0.001	0.001	0.997	0.001
0.001	0.997	0.001	0.001
0.001	0.001	0.997	0.001
0.001	0.885	0.001	0.113
0.001	0.997	0.001	0.001
0.997	0.001	0.001	0.001
0.997	0.001	0.001	0.001
0.001	0.001	0.885	0.113
0.997	0.001	0.001	0.001
0.001	0.001	0.997	0.001
0.997	0.001	0.001	0.001
0.001	0.001	0.997	0.001
>CTAATCATCTTT	7-CTAATCATCTTT	10.564656	-31.014477	0	T:57.0(0.20%),B:220.0(0.06%),P:1e-13	Tpos:96.1,Tstd:58.5,Bpos:101.8,Bstd:54.4,StrandBias:-0.4,Multiplicity:1.00
0.001	0.935	0.063	0.001
0.166	0.006	0.172	0.656
0.679	0.169	0.146	0.006
0.627	0.105	0.034	0.234
0.277	0.026	0.099	0.598
0.164	0.649	0.166	0.021
0.958	0.019	0.001	0.022
0.144	0.119	0.186	0.551
0.016	0.951	0.001	0.032
0.012	0.210	0.001	0.777
0.203	0.124	0.110	0.563
0.021	0.177	0.224	0.578
>CAACCATTGTAT	8-CAACCATTGTAT	12.003858	-30.885362	0	T:40.0(0.14%),B:116.6(0.03%),P:1e-13	Tpos:100.0,Tstd:58.6,Bpos:97.1,Bstd:52.1,StrandBias:0.1,Multiplicity:1.00
0.028	0.889	0.028	0.055
0.997	0.001	0.001	0.001
0.986	0.001	0.012	0.001
0.036	0.908	0.001	0.055
0.001	0.803	0.001	0.195
0.926	0.055	0.001	0.018
0.001	0.001	0.001	0.997
0.001	0.001	0.001	0.997
0.041	0.028	0.841	0.090
0.028	0.068	0.001	0.903
0.854	0.024	0.033	0.089
0.033	0.055	0.001	0.911
>CCTCCTCCTCCY	9-CCTCCTCCTCCY	8.544198	-30.876282	0	T:3164.0(11.29%),B:35497.5(9.93%),P:1e-13	Tpos:101.1,Tstd:52.3,Bpos:100.4,Bstd:54.6,StrandBias:0.0,Multiplicity:1.21
0.005	0.655	0.214	0.126
0.001	0.973	0.001	0.025
0.123	0.307	0.067	0.503
0.001	0.957	0.009	0.033
0.098	0.686	0.001	0.215
0.037	0.149	0.069	0.745
0.001	0.997	0.001	0.001
0.036	0.923	0.001	0.040
0.056	0.279	0.019	0.646
0.047	0.734	0.021	0.198
0.001	0.922	0.061	0.016
0.104	0.414	0.001	0.481
>TGCAGTGWGCCG	10-TGCAGTGWGCCG	8.308014	-30.641659	0	T:880.0(3.14%),B:8669.9(2.42%),P:1e-13	Tpos:100.6,Tstd:46.6,Bpos:101.0,Bstd:49.9,StrandBias:0.0,Multiplicity:1.01
0.132	0.145	0.123	0.600
0.078	0.294	0.488	0.139
0.031	0.756	0.050	0.163
0.726	0.052	0.068	0.154
0.070	0.344	0.517	0.069
0.181	0.092	0.069	0.658
0.037	0.091	0.844	0.028
0.514	0.040	0.075	0.371
0.049	0.142	0.768	0.041
0.084	0.530	0.125	0.261
0.124	0.447	0.240	0.190
0.148	0.082	0.613	0.157
>AGAVNGAGWCTC	11-AGAVNGAGWCTC	7.005909	-30.523544	0	T:652.0(2.33%),B:6143.6(1.72%),P:1e-13	Tpos:100.0,Tstd:56.7,Bpos:101.7,Bstd:57.4,StrandBias:-0.0,Multiplicity:1.00
0.485	0.137	0.194	0.185
0.270	0.147	0.499	0.084
0.565	0.266	0.008	0.161
0.211	0.289	0.326	0.174
0.313	0.171	0.312	0.204
0.276	0.242	0.476	0.005
0.512	0.004	0.221	0.263
0.046	0.210	0.685	0.059
0.398	0.246	0.005	0.350
0.052	0.688	0.112	0.148
0.243	0.049	0.121	0.587
0.005	0.498	0.240	0.257
>AAGAAATACATA	12-AAGAAATACATA	9.164577	-29.947671	0	T:773.0(2.76%),B:7501.9(2.10%),P:1e-13	Tpos:97.7,Tstd:60.4,Bpos:100.0,Bstd:57.7,StrandBias:0.0,Multiplicity:1.02
0.823	0.054	0.043	0.080
0.858	0.031	0.049	0.062
0.056	0.052	0.795	0.097
0.826	0.051	0.061	0.062
0.868	0.063	0.018	0.051
0.840	0.062	0.036	0.062
0.067	0.071	0.051	0.811
0.841	0.048	0.065	0.046
0.054	0.884	0.040	0.022
0.816	0.069	0.069	0.046
0.076	0.030	0.054	0.840
0.801	0.029	0.066	0.104
>CATCGGTGGCTG	13-CATCGGTGGCTG	11.513235	-26.689285	0	T:51.0(0.18%),B:204.7(0.06%),P:1e-11	Tpos:104.0,Tstd:54.3,Bpos:103.6,Bstd:57.2,StrandBias:-0.2,Multiplicity:1.02
0.001	0.997	0.001	0.001
0.911	0.041	0.001	0.047
0.031	0.001	0.001	0.967
0.001	0.872	0.126	0.001
0.120	0.024	0.694	0.162
0.001	0.026	0.972	0.001
0.001	0.001	0.001	0.997
0.001	0.001	0.997	0.001
0.024	0.027	0.886	0.063
0.062	0.936	0.001	0.001
0.024	0.047	0.063	0.866
0.001	0.001	0.952	0.046
>GTATATGGTATC	14-GTATATGGTATC	14.538914	-25.569345	0	T:8.0(0.03%),B:3.0(0.00%),P:1e-11	Tpos:112.2,Tstd:57.8,Bpos:70.6,Bstd:37.4,StrandBias:0.7,Multiplicity:1.00
0.001	0.001	0.997	0.001
0.001	0.001	0.001	0.997
0.997	0.001	0.001	0.001
0.001	0.001	0.001	0.997
0.997	0.001	0.001	0.001
0.001	0.001	0.001	0.997
0.001	0.001	0.997	0.001
0.001	0.001	0.997	0.001
0.001	0.001	0.127	0.871
0.997	0.001	0.001	0.001
0.001	0.001	0.001	0.997
0.001	0.997	0.001	0.001
>AATTTTCTGCCC	15-AATTTTCTGCCC	13.880140	-22.894306	0	T:20.0(0.07%),B:39.9(0.01%),P:1e-9	Tpos:79.2,Tstd:45.3,Bpos:87.3,Bstd:54.6,StrandBias:-0.3,Multiplicity:1.00
0.797	0.001	0.201	0.001
0.997	0.001	0.001	0.001
0.001	0.001	0.001	0.997
0.001	0.001	0.001	0.997
0.001	0.001	0.270	0.728
0.321	0.001	0.001	0.677
0.001	0.861	0.001	0.137
0.001	0.001	0.001	0.997
0.001	0.001	0.997	0.001
0.001	0.997	0.001	0.001
0.192	0.806	0.001	0.001
0.001	0.997	0.001	0.001
>AAGCGATTCGCC	16-AAGCGATTCGCC	9.684604	-22.546588	0	T:419.0(1.49%),B:3872.7(1.08%),P:1e-9	Tpos:101.2,Tstd:49.9,Bpos:99.5,Bstd:53.1,StrandBias:0.1,Multiplicity:1.01
0.843	0.061	0.063	0.033
0.929	0.023	0.032	0.016
0.067	0.023	0.909	0.001
0.091	0.711	0.088	0.110
0.052	0.076	0.871	0.001
0.898	0.040	0.016	0.046
0.033	0.027	0.035	0.905
0.042	0.141	0.042	0.775
0.060	0.730	0.056	0.154
0.115	0.105	0.621	0.159
0.037	0.914	0.033	0.016
0.053	0.900	0.021	0.026
>ACTGCCTGTAGT	17-ACTGCCTGTAGT	12.355432	-21.634383	0	T:7.0(0.02%),B:3.0(0.00%),P:1e-9	Tpos:96.0,Tstd:59.1,Bpos:125.9,Bstd:26.5,StrandBias:-1.0,Multiplicity:1.00
0.700	0.100	0.100	0.100
0.100	0.700	0.100	0.100
0.100	0.100	0.100	0.700
0.100	0.100	0.700	0.100
0.100	0.700	0.100	0.100
0.100	0.700	0.100	0.100
0.100	0.100	0.100	0.700
0.100	0.100	0.700	0.100
0.100	0.100	0.100	0.700
0.700	0.100	0.100	0.100
0.100	0.100	0.700	0.100
0.100	0.100	0.100	0.700
>CGGTGGGTGGAG	18-CGGTGGGTGGAG	10.517278	-20.034058	0	T:76.0(0.27%),B:451.6(0.13%),P:1e-8	Tpos:89.6,Tstd:52.6,Bpos:103.5,Bstd:52.3,StrandBias:-0.0,Multiplicity:1.09
0.109	0.493	0.273	0.125
0.225	0.018	0.720	0.037
0.221	0.018	0.757	0.004
0.066	0.140	0.027	0.767
0.019	0.018	0.937	0.026
0.022	0.037	0.695	0.246
0.033	0.100	0.675	0.192
0.019	0.003	0.261	0.717
0.174	0.033	0.778	0.015
0.048	0.118	0.564	0.270
0.548	0.158	0.157	0.137
0.141	0.042	0.687	0.130
>CTCCATATATTA	19-CTCCATATATTA	12.355432	-18.864501	0	T:7.0(0.02%),B:3.8(0.00%),P:1e-8	Tpos:88.9,Tstd:58.2,Bpos:113.7,Bstd:66.1,StrandBias:0.4,Multiplicity:1.00
0.100	0.700	0.100	0.100
0.100	0.100	0.100	0.700
0.100	0.700	0.100	0.100
0.100	0.700	0.100	0.100
0.700	0.100	0.100	0.100
0.100	0.100	0.100	0.700
0.700	0.100	0.100	0.100
0.100	0.100	0.100	0.700
0.700	0.100	0.100	0.100
0.100	0.100	0.100	0.700
0.100	0.100	0.100	0.700
0.700	0.100	0.100	0.100
>TATAAATCATGA	20-TATAAATCATGA	12.355432	-18.864501	0	T:7.0(0.02%),B:3.7(0.00%),P:1e-8	Tpos:84.7,Tstd:62.8,Bpos:105.6,Bstd:46.9,StrandBias:-0.4,Multiplicity:1.00
0.100	0.100	0.100	0.700
0.700	0.100	0.100	0.100
0.100	0.100	0.100	0.700
0.700	0.100	0.100	0.100
0.700	0.100	0.100	0.100
0.700	0.100	0.100	0.100
0.100	0.100	0.100	0.700
0.100	0.700	0.100	0.100
0.700	0.100	0.100	0.100
0.100	0.100	0.100	0.700
0.100	0.100	0.700	0.100
0.700	0.100	0.100	0.100
>GGACAGACACCT	21-GGACAGACACCT	14.848018	-18.252439	0	T:10.0(0.04%),B:10.2(0.00%),P:1e-7	Tpos:132.3,Tstd:54.4,Bpos:132.4,Bstd:56.6,StrandBias:0.6,Multiplicity:1.00
0.001	0.001	0.997	0.001
0.001	0.001	0.997	0.001
0.997	0.001	0.001	0.001
0.001	0.997	0.001	0.001
0.997	0.001	0.001	0.001
0.173	0.001	0.825	0.001
0.997	0.001	0.001	0.001
0.001	0.997	0.001	0.001
0.997	0.001	0.001	0.001
0.001	0.997	0.001	0.001
0.001	0.997	0.001	0.001
0.001	0.001	0.001	0.997
>GGCCCCGCCCCC	22-GGCCCCGCCCCC	6.817872	-18.094668	0	T:1918.0(6.84%),B:21584.1(6.04%),P:1e-7	Tpos:101.3,Tstd:53.2,Bpos:100.1,Bstd:54.2,StrandBias:0.1,Multiplicity:1.46
0.102	0.085	0.740	0.073
0.089	0.093	0.742	0.076
0.076	0.761	0.089	0.074
0.087	0.742	0.086	0.085
0.081	0.759	0.078	0.082
0.084	0.739	0.097	0.080
0.079	0.077	0.765	0.079
0.084	0.749	0.094	0.073
0.080	0.760	0.083	0.077
0.066	0.775	0.076	0.083
0.091	0.734	0.088	0.087
0.084	0.736	0.087	0.093
>TCAGGCTAGATG	23-TCAGGCTAGATG	13.815495	-17.156145	0	T:12.0(0.04%),B:19.0(0.01%),P:1e-7	Tpos:101.2,Tstd:56.8,Bpos:97.5,Bstd:61.3,StrandBias:0.5,Multiplicity:1.00
0.001	0.001	0.001	0.997
0.001	0.997	0.001	0.001
0.997	0.001	0.001	0.001
0.001	0.177	0.645	0.177
0.399	0.001	0.599	0.001
0.001	0.997	0.001	0.001
0.001	0.001	0.353	0.645
0.997	0.001	0.001	0.001
0.177	0.245	0.400	0.177
0.997	0.001	0.001	0.001
0.001	0.001	0.001	0.997
0.001	0.001	0.997	0.001
>CACTTCCTGGTT	24-CACTTCCTGGTT	11.801033	-12.532977	0	T:25.0(0.09%),B:110.0(0.03%),P:1e-5	Tpos:106.4,Tstd:58.2,Bpos:100.6,Bstd:55.4,StrandBias:0.9,Multiplicity:1.29
0.001	0.997	0.001	0.001
0.997	0.001	0.001	0.001
0.001	0.997	0.001	0.001
0.001	0.079	0.001	0.919
0.001	0.110	0.001	0.888
0.058	0.940	0.001	0.001
0.001	0.997	0.001	0.001
0.001	0.001	0.001	0.997
0.001	0.001	0.997	0.001
0.001	0.001	0.997	0.001
0.001	0.001	0.001	0.997
0.001	0.001	0.001	0.997
>ACCCTAACCCTA	25-ACCCTAACCCTA	12.573019	-5.443208	0	T:8.0(0.03%),B:33.0(0.01%),P:1e-2	Tpos:100.2,Tstd:58.2,Bpos:93.5,Bstd:44.6,StrandBias:5.6,Multiplicity:6.12
0.997	0.001	0.001	0.001
0.032	0.966	0.001	0.001
0.001	0.997	0.001	0.001
0.056	0.942	0.001	0.001
0.023	0.001	0.001	0.975
0.997	0.001	0.001	0.001
0.997	0.001	0.001	0.001
0.001	0.997	0.001	0.001
0.032	0.966	0.001	0.001
0.032	0.966	0.001	0.001
0.101	0.001	0.001	0.897
0.997	0.001	0.001	0.001
