>NRTGASTCAY	1-NRTGASTCAY	7.520944	-78.779317	0	T:2845.0(10.15%),B:28888.7(8.08%),P:1e-34	Tpos:100.8,Tstd:44.5,Bpos:100.9,Bstd:49.2,StrandBias:-0.0,Multiplicity:1.09
0.282	0.198	0.323	0.198
0.486	0.168	0.344	0.001
0.001	0.001	0.001	0.997
0.060	0.001	0.668	0.271
0.987	0.001	0.011	0.001
0.186	0.278	0.374	0.163
0.001	0.001	0.001	0.997
0.235	0.650	0.114	0.001
0.997	0.001	0.001	0.001
0.101	0.350	0.181	0.368
>TGTAGTCCGA	2-TGTAGTCCGA	6.917836	-33.618557	0	T:1971.0(7.03%),B:21092.7(5.90%),P:1e-14	Tpos:99.0,Tstd:54.8,Bpos:99.9,Bstd:56.1,StrandBias:-0.1,Multiplicity:1.04
0.027	0.026	0.035	0.912
0.060	0.103	0.780	0.057
0.050	0.060	0.098	0.792
0.812	0.037	0.083	0.068
0.099	0.052	0.766	0.083
0.046	0.067	0.044	0.843
0.063	0.798	0.068	0.071
0.054	0.775	0.066	0.105
0.066	0.127	0.679	0.128
0.844	0.039	0.060	0.057
>ATTCTCCTGC	3-ATTCTCCTGC	7.827103	-32.771536	0	T:721.0(2.57%),B:6821.8(1.91%),P:1e-14	Tpos:100.2,Tstd:50.6,Bpos:99.8,Bstd:53.3,StrandBias:0.2,Multiplicity:1.01
0.997	0.001	0.001	0.001
0.001	0.065	0.001	0.933
0.027	0.001	0.001	0.971
0.001	0.874	0.124	0.001
0.040	0.001	0.001	0.958
0.001	0.932	0.001	0.066
0.001	0.967	0.031	0.001
0.001	0.001	0.052	0.946
0.001	0.001	0.943	0.055
0.001	0.997	0.001	0.001
>ATGGTGACGT	4-ATGGTGACGT	9.834972	-31.520696	0	T:142.0(0.51%),B:890.1(0.25%),P:1e-13	Tpos:99.9,Tstd:48.6,Bpos:99.5,Bstd:54.3,StrandBias:0.0,Multiplicity:1.01
0.850	0.001	0.128	0.021
0.048	0.049	0.024	0.879
0.082	0.001	0.910	0.007
0.014	0.123	0.862	0.001
0.052	0.014	0.012	0.922
0.014	0.048	0.937	0.001
0.984	0.001	0.001	0.014
0.057	0.751	0.048	0.144
0.001	0.001	0.997	0.001
0.001	0.066	0.001	0.932
>GCTCANTRCA	5-GCTCANTRCA	9.541510	-29.785337	0	T:868.0(3.10%),B:8570.5(2.40%),P:1e-12	Tpos:99.2,Tstd:47.7,Bpos:100.7,Bstd:51.1,StrandBias:-0.1,Multiplicity:1.01
0.001	0.330	0.668	0.001
0.001	0.601	0.397	0.001
0.376	0.001	0.001	0.622
0.001	0.997	0.001	0.001
0.997	0.001	0.001	0.001
0.223	0.205	0.255	0.316
0.001	0.001	0.001	0.997
0.501	0.001	0.497	0.001
0.340	0.658	0.001	0.001
0.997	0.001	0.001	0.001
>TTTTTTTTTT	6-TTTTTTTTTT	13.604661	-29.693883	0	T:965.0(3.44%),B:9668.0(2.70%),P:1e-12	Tpos:101.0,Tstd:64.9,Bpos:99.1,Bstd:63.9,StrandBias:-0.0,Multiplicity:1.03
0.001	0.049	0.018	0.932
0.001	0.034	0.014	0.951
0.001	0.035	0.013	0.951
0.001	0.001	0.001	0.997
0.001	0.001	0.001	0.997
0.001	0.001	0.001	0.997
0.001	0.001	0.001	0.997
0.001	0.001	0.001	0.997
0.001	0.001	0.001	0.997
0.001	0.001	0.065	0.933
>GCACGATCTC	7-GCACGATCTC	8.798688	-28.921735	0	T:379.0(1.35%),B:3262.3(0.91%),P:1e-12	Tpos:96.8,Tstd:49.5,Bpos:100.6,Bstd:52.9,StrandBias:-0.0,Multiplicity:1.01
0.001	0.037	0.947	0.015
0.012	0.986	0.001	0.001
0.670	0.001	0.328	0.001
0.022	0.850	0.001	0.127
0.114	0.001	0.884	0.001
0.944	0.028	0.027	0.001
0.001	0.017	0.027	0.955
0.017	0.951	0.031	0.001
0.036	0.001	0.031	0.932
0.001	0.945	0.022	0.032
>ACTCCGTCTC	8-ACTCCGTCTC	8.937221	-25.941352	0	T:651.0(2.32%),B:6300.1(1.76%),P:1e-11	Tpos:100.6,Tstd:60.3,Bpos:100.0,Bstd:59.6,StrandBias:0.0,Multiplicity:1.06
0.967	0.031	0.001	0.001
0.001	0.997	0.001	0.001
0.049	0.068	0.001	0.882
0.022	0.950	0.027	0.001
0.031	0.824	0.001	0.144
0.072	0.001	0.926	0.001
0.067	0.063	0.001	0.869
0.001	0.997	0.001	0.001
0.015	0.064	0.015	0.906
0.015	0.983	0.001	0.001
>TACCAAGCTG	9-TACCAAGCTG	8.187140	-25.386824	0	T:370.0(1.32%),B:3262.8(0.91%),P:1e-11	Tpos:98.4,Tstd:53.0,Bpos:98.5,Bstd:54.9,StrandBias:0.0,Multiplicity:1.01
0.188	0.132	0.115	0.565
0.845	0.126	0.019	0.010
0.159	0.607	0.059	0.175
0.216	0.562	0.074	0.148
0.521	0.303	0.118	0.058
0.678	0.083	0.014	0.225
0.032	0.033	0.823	0.112
0.290	0.652	0.048	0.010
0.028	0.021	0.017	0.934
0.140	0.149	0.616	0.095
>CTACTCGGGA	10-CTACTCGGGA	9.509624	-25.330644	0	T:485.0(1.73%),B:4497.8(1.26%),P:1e-11	Tpos:98.9,Tstd:52.6,Bpos:100.9,Bstd:53.8,StrandBias:0.0,Multiplicity:1.00
0.014	0.984	0.001	0.001
0.020	0.033	0.077	0.870
0.853	0.037	0.079	0.031
0.001	0.985	0.001	0.013
0.014	0.001	0.001	0.984
0.104	0.849	0.046	0.001
0.200	0.060	0.739	0.001
0.034	0.057	0.908	0.001
0.045	0.032	0.922	0.001
0.997	0.001	0.001	0.001
>CCAGCCTGGA	11-CCAGCCTGGA	9.280025	-25.306543	0	T:1167.0(4.16%),B:12199.9(3.41%),P:1e-10	Tpos:99.7,Tstd:54.0,Bpos:99.9,Bstd:56.4,StrandBias:0.0,Multiplicity:1.02
0.036	0.892	0.038	0.034
0.031	0.967	0.001	0.001
0.974	0.024	0.001	0.001
0.001	0.001	0.997	0.001
0.043	0.648	0.308	0.001
0.001	0.966	0.001	0.032
0.001	0.001	0.001	0.997
0.046	0.016	0.923	0.015
0.023	0.001	0.975	0.001
0.678	0.001	0.320	0.001
>GGAGGAGGAG	12-GGAGGAGGAG	9.977393	-24.962784	0	T:898.0(3.20%),B:9125.1(2.55%),P:1e-10	Tpos:99.8,Tstd:50.9,Bpos:101.0,Bstd:53.4,StrandBias:-0.2,Multiplicity:1.07
0.001	0.029	0.969	0.001
0.020	0.077	0.858	0.045
0.957	0.001	0.001	0.041
0.001	0.001	0.982	0.016
0.001	0.001	0.971	0.027
0.754	0.171	0.048	0.027
0.042	0.011	0.904	0.043
0.001	0.074	0.924	0.001
0.943	0.017	0.001	0.039
0.001	0.017	0.981	0.001
>CTGTCCATCG	13-CTGTCCATCG	9.605598	-23.332817	0	T:133.0(0.47%),B:918.2(0.26%),P:1e-10	Tpos:96.2,Tstd:56.3,Bpos:98.6,Bstd:57.3,StrandBias:-0.4,Multiplicity:1.01
0.058	0.940	0.001	0.001
0.066	0.022	0.065	0.847
0.001	0.146	0.822	0.031
0.001	0.040	0.050	0.909
0.001	0.926	0.072	0.001
0.001	0.985	0.001	0.013
0.950	0.032	0.017	0.001
0.001	0.038	0.001	0.960
0.001	0.997	0.001	0.001
0.001	0.078	0.761	0.160
>CAWAMARTTA	14-CAWAMARTTA	6.757787	-22.616005	0	T:659.0(2.35%),B:6524.4(1.82%),P:1e-9	Tpos:99.0,Tstd:61.0,Bpos:98.6,Bstd:59.1,StrandBias:0.1,Multiplicity:1.01
0.254	0.607	0.010	0.129
0.573	0.072	0.050	0.305
0.252	0.164	0.210	0.374
0.740	0.068	0.096	0.096
0.427	0.305	0.022	0.246
0.577	0.282	0.035	0.106
0.412	0.104	0.302	0.182
0.216	0.094	0.151	0.539
0.026	0.139	0.076	0.759
0.529	0.183	0.052	0.236
>TCGCTCTGTC	15-TCGCTCTGTC	9.893893	-22.594754	0	T:362.0(1.29%),B:3257.3(0.91%),P:1e-9	Tpos:103.6,Tstd:54.4,Bpos:101.2,Bstd:56.9,StrandBias:-0.1,Multiplicity:1.00
0.001	0.056	0.179	0.764
0.001	0.785	0.066	0.148
0.001	0.040	0.925	0.034
0.018	0.916	0.043	0.023
0.001	0.001	0.001	0.997
0.012	0.922	0.019	0.047
0.001	0.008	0.001	0.990
0.034	0.001	0.908	0.057
0.001	0.012	0.001	0.986
0.001	0.972	0.026	0.001
>AGGAGGTCGA	16-AGGAGGTCGA	9.254619	-21.902439	0	T:361.0(1.29%),B:3267.7(0.91%),P:1e-9	Tpos:102.6,Tstd:53.3,Bpos:99.9,Bstd:56.7,StrandBias:0.2,Multiplicity:1.01
0.997	0.001	0.001	0.001
0.001	0.024	0.923	0.052
0.012	0.001	0.986	0.001
0.881	0.048	0.009	0.062
0.001	0.001	0.997	0.001
0.049	0.001	0.750	0.200
0.068	0.047	0.001	0.884
0.049	0.878	0.072	0.001
0.001	0.001	0.962	0.036
0.859	0.060	0.038	0.043
>RGMCCSDCCC	17-RGMCCSDCCC	5.999324	-21.785709	0	T:1160.0(4.14%),B:12319.4(3.44%),P:1e-9	Tpos:101.4,Tstd:52.4,Bpos:100.7,Bstd:54.7,StrandBias:-0.1,Multiplicity:1.15
0.480	0.009	0.501	0.010
0.005	0.184	0.506	0.305
0.315	0.445	0.236	0.004
0.012	0.571	0.009	0.408
0.340	0.566	0.009	0.085
0.178	0.362	0.251	0.208
0.287	0.038	0.380	0.295
0.337	0.657	0.003	0.003
0.204	0.426	0.154	0.215
0.100	0.534	0.010	0.356
>GCCCCGCCCT	18-GCCCCGCCCT	10.382740	-21.420679	0	T:101.0(0.36%),B:653.1(0.18%),P:1e-9	Tpos:102.4,Tstd:50.3,Bpos:98.7,Bstd:53.2,StrandBias:-0.4,Multiplicity:1.15
0.001	0.001	0.997	0.001
0.001	0.997	0.001	0.001
0.001	0.997	0.001	0.001
0.146	0.852	0.001	0.001
0.001	0.997	0.001	0.001
0.001	0.040	0.958	0.001
0.001	0.997	0.001	0.001
0.001	0.997	0.001	0.001
0.001	0.923	0.075	0.001
0.001	0.001	0.001	0.997
>CAAGATGACT	19-CAAGATGACT	8.174651	-20.365542	0	T:469.0(1.67%),B:4495.5(1.26%),P:1e-8	Tpos:99.4,Tstd:55.2,Bpos:99.6,Bstd:55.3,StrandBias:-0.1,Multiplicity:1.00
0.152	0.648	0.111	0.089
0.753	0.066	0.002	0.179
0.915	0.001	0.071	0.013
0.133	0.001	0.853	0.013
0.612	0.135	0.155	0.098
0.211	0.001	0.117	0.671
0.205	0.130	0.546	0.119
0.763	0.140	0.096	0.001
0.151	0.531	0.204	0.114
0.172	0.001	0.017	0.810
>AGACCAGAGG	20-AGACCAGAGG	10.363634	-18.056794	0	T:140.0(0.50%),B:1072.2(0.30%),P:1e-7	Tpos:104.8,Tstd:56.2,Bpos:99.1,Bstd:55.2,StrandBias:-0.1,Multiplicity:1.00
0.853	0.001	0.145	0.001
0.001	0.001	0.997	0.001
0.997	0.001	0.001	0.001
0.001	0.997	0.001	0.001
0.146	0.852	0.001	0.001
0.882	0.001	0.001	0.116
0.001	0.001	0.997	0.001
0.997	0.001	0.001	0.001
0.001	0.048	0.950	0.001
0.001	0.001	0.997	0.001
>ATTTATATTA	21-ATTTATATTA	7.466685	-15.632176	0	T:1264.0(4.51%),B:13959.9(3.90%),P:1e-6	Tpos:100.3,Tstd:61.7,Bpos:99.5,Bstd:58.8,StrandBias:0.1,Multiplicity:1.05
0.773	0.065	0.079	0.083
0.081	0.068	0.109	0.742
0.107	0.041	0.035	0.817
0.072	0.051	0.082	0.795
0.790	0.023	0.091	0.096
0.087	0.035	0.050	0.828
0.834	0.088	0.058	0.020
0.069	0.055	0.100	0.776
0.084	0.034	0.090	0.792
0.857	0.044	0.019	0.080
>AGATCGATCA	22-AGATCGATCA	10.296193	-15.466492	0	T:6.0(0.02%),B:3.7(0.00%),P:1e-6	Tpos:132.2,Tstd:49.3,Bpos:117.2,Bstd:45.9,StrandBias:2.3,Multiplicity:1.00
0.700	0.100	0.100	0.100
0.100	0.100	0.700	0.100
0.700	0.100	0.100	0.100
0.100	0.100	0.100	0.700
0.100	0.700	0.100	0.100
0.100	0.100	0.700	0.100
0.700	0.100	0.100	0.100
0.100	0.100	0.100	0.700
0.100	0.700	0.100	0.100
0.700	0.100	0.100	0.100
>TCCGATTATA	23-TCCGATTATA	10.296193	-10.847688	0	T:5.0(0.02%),B:4.0(0.00%),P:1e-4	Tpos:117.2,Tstd:46.9,Bpos:71.8,Bstd:36.7,StrandBias:0.6,Multiplicity:1.00
0.100	0.100	0.100	0.700
0.100	0.700	0.100	0.100
0.100	0.700	0.100	0.100
0.100	0.100	0.700	0.100
0.700	0.100	0.100	0.100
0.100	0.100	0.100	0.700
0.100	0.100	0.100	0.700
0.700	0.100	0.100	0.100
0.100	0.100	0.100	0.700
0.700	0.100	0.100	0.100
>CCGCCCCCCC	24-CCGCCCCCCC	6.465739	-9.503140	0	T:3393.0(12.10%),B:40690.6(11.38%),P:1e-4	Tpos:100.4,Tstd:54.1,Bpos:100.1,Bstd:55.8,StrandBias:-0.0,Multiplicity:1.43
0.081	0.704	0.121	0.094
0.117	0.676	0.104	0.103
0.102	0.161	0.633	0.104
0.073	0.735	0.104	0.088
0.082	0.734	0.107	0.077
0.092	0.713	0.090	0.105
0.081	0.712	0.107	0.100
0.083	0.686	0.116	0.115
0.103	0.684	0.111	0.102
0.097	0.721	0.093	0.089
>ACCCTAACCC	25-ACCCTAACCC	11.628627	-4.734482	0	T:21.0(0.07%),B:149.8(0.04%),P:1e-2	Tpos:96.3,Tstd:57.3,Bpos:97.0,Bstd:56.7,StrandBias:3.1,Multiplicity:2.90
0.997	0.001	0.001	0.001
0.001	0.997	0.001	0.001
0.001	0.997	0.001	0.001
0.110	0.888	0.001	0.001
0.001	0.001	0.001	0.997
0.997	0.001	0.001	0.001
0.997	0.001	0.001	0.001
0.001	0.997	0.001	0.001
0.001	0.997	0.001	0.001
0.001	0.997	0.001	0.001
>SNRTGASTCABH	1-SNRTGASTCABH	9.123953	-76.956926	0	T:1729.0(6.17%),B:16367.2(4.58%),P:1e-33	Tpos:101.7,Tstd:42.3,Bpos:101.2,Bstd:47.6,StrandBias:-0.0,Multiplicity:1.04
0.226	0.267	0.410	0.098
0.246	0.210	0.296	0.249
0.427	0.176	0.396	0.001
0.001	0.001	0.001	0.997
0.001	0.001	0.997	0.001
0.997	0.001	0.001	0.001
0.001	0.366	0.440	0.193
0.001	0.001	0.001	0.997
0.001	0.997	0.001	0.001
0.997	0.001	0.001	0.001
0.001	0.325	0.265	0.409
0.313	0.352	0.119	0.215
>CATTGCACTCCA	2-CATTGCACTCCA	8.920437	-51.421086	0	T:1103.0(3.94%),B:10363.3(2.90%),P:1e-22	Tpos:98.3,Tstd:51.4,Bpos:100.0,Bstd:53.8,StrandBias:-0.1,Multiplicity:1.02
0.047	0.941	0.001	0.011
0.879	0.018	0.033	0.070
0.045	0.114	0.162	0.679
0.183	0.103	0.046	0.668
0.001	0.083	0.915	0.001
0.015	0.736	0.076	0.173
0.627	0.043	0.001	0.329
0.011	0.843	0.135	0.011
0.076	0.028	0.001	0.895
0.257	0.616	0.085	0.042
0.035	0.835	0.093	0.037
0.727	0.141	0.001	0.131
>TGKADYCCCAGC	3-TGKADYCCCAGC	9.195640	-41.148521	0	T:1551.0(5.53%),B:15810.1(4.42%),P:1e-17	Tpos:99.2,Tstd:55.4,Bpos:100.0,Bstd:56.5,StrandBias:-0.0,Multiplicity:1.04
0.001	0.001	0.001	0.997
0.071	0.001	0.622	0.306
0.198	0.098	0.279	0.425
0.476	0.217	0.262	0.045
0.314	0.080	0.290	0.316
0.145	0.303	0.163	0.389
0.040	0.958	0.001	0.001
0.001	0.997	0.001	0.001
0.220	0.577	0.001	0.202
0.997	0.001	0.001	0.001
0.001	0.207	0.791	0.001
0.077	0.910	0.008	0.005
>GCACGATATCGT	4-GCACGATATCGT	13.580204	-40.639404	0	T:10.0(0.04%),B:2.0(0.00%),P:1e-17	Tpos:90.8,Tstd:47.0,Bpos:117.1,Bstd:61.1,StrandBias:0.6,Multiplicity:1.00
0.001	0.001	0.997	0.001
0.120	0.878	0.001	0.001
0.997	0.001	0.001	0.001
0.001	0.997	0.001	0.001
0.001	0.001	0.997	0.001
0.878	0.001	0.001	0.120
0.001	0.001	0.001	0.997
0.605	0.273	0.121	0.001
0.001	0.001	0.001	0.997
0.121	0.757	0.001	0.121
0.001	0.001	0.997	0.001
0.001	0.001	0.001	0.997
>TTTTTTTTTTTT	5-TTTTTTTTTTTT	12.369913	-34.014104	0	T:827.0(2.95%),B:7945.6(2.22%),P:1e-14	Tpos:100.4,Tstd:64.2,Bpos:99.1,Bstd:63.6,StrandBias:-0.1,Multiplicity:1.02
0.014	0.050	0.020	0.916
0.016	0.053	0.020	0.911
0.014	0.046	0.018	0.922
0.001	0.018	0.012	0.969
0.001	0.017	0.001	0.981
0.001	0.009	0.001	0.989
0.006	0.001	0.001	0.992
0.001	0.001	0.001	0.997
0.001	0.009	0.005	0.985
0.001	0.001	0.004	0.994
0.001	0.001	0.001	0.997
0.001	0.022	0.061	0.916
>GCGCCAAGAGAG	6-GCGCCAAGAGAG	14.302951	-31.044964	0	T:8.0(0.03%),B:1.8(0.00%),P:1e-13	Tpos:79.2,Tstd:70.9,Bpos:98.7,Bstd:6.4,StrandBias:0.0,Multiplicity:1.00
0.001	0.001	0.997	0.001
0.001	0.997	0.001	0.001
0.001	0.001	0.997	0.001
0.001	0.885	0.001	0.113
0.001	0.997	0.001	0.001
0.997	0.001	0.001	0.001
0.997	0.001	0.001	0.001
0.001	0.001	0.885	0.113
0.997	0.001	0.001	0.001
0.001	0.001	0.997	0.001
0.997	0.001	0.001	0.001
0.001	0.001	0.997	0.001
>CTAATCATCTTT	7-CTAATCATCTTT	10.564656	-31.014477	0	T:57.0(0.20%),B:220.0(0.06%),P:1e-13	Tpos:96.1,Tstd:58.5,Bpos:101.8,Bstd:54.4,StrandBias:-0.4,Multiplicity:1.00
0.001	0.935	0.063	0.001
0.166	0.006	0.172	0.656
0.679	0.169	0.146	0.006
0.627	0.105	0.034	0.234
0.277	0.026	0.099	0.598
0.164	0.649	0.166	0.021
0.958	0.019	0.001	0.022
0.144	0.119	0.186	0.551
0.016	0.951	0.001	0.032
0.012	0.210	0.001	0.777
0.203	0.124	0.110	0.563
0.021	0.177	0.224	0.578
>CAACCATTGTAT	8-CAACCATTGTAT	12.003858	-30.885362	0	T:40.0(0.14%),B:116.6(0.03%),P:1e-13	Tpos:100.0,Tstd:58.6,Bpos:97.1,Bstd:52.1,StrandBias:0.1,Multiplicity:1.00
0.028	0.889	0.028	0.055
0.997	0.001	0.001	0.001
0.986	0.001	0.012	0.001
0.036	0.908	0.001	0.055
0.001	0.803	0.001	0.195
0.926	0.055	0.001	0.018
0.001	0.001	0.001	0.997
0.001	0.001	0.001	0.997
0.041	0.028	0.841	0.090
0.028	0.068	0.001	0.903
0.854	0.024	0.033	0.089
0.033	0.055	0.001	0.911
>CCTCCTCCTCCY	9-CCTCCTCCTCCY	8.544198	-30.876282	0	T:3164.0(11.29%),B:35497.5(9.93%),P:1e-13	Tpos:101.1,Tstd:52.3,Bpos:100.4,Bstd:54.6,StrandBias:0.0,Multiplicity:1.21
0.005	0.655	0.214	0.126
0.001	0.973	0.001	0.025
0.123	0.307	0.067	0.503
0.001	0.957	0.009	0.033
0.098	0.686	0.001	0.215
0.037	0.149	0.069	0.745
0.001	0.997	0.001	0.001
0.036	0.923	0.001	0.040
0.056	0.279	0.019	0.646
0.047	0.734	0.021	0.198
0.001	0.922	0.061	0.016
0.104	0.414	0.001	0.481
>TGCAGTGWGCCG	10-TGCAGTGWGCCG	8.308014	-30.641659	0	T:880.0(3.14%),B:8669.9(2.42%),P:1e-13	Tpos:100.6,Tstd:46.6,Bpos:101.0,Bstd:49.9,StrandBias:0.0,Multiplicity:1.01
0.132	0.145	0.123	0.600
0.078	0.294	0.488	0.139
0.031	0.756	0.050	0.163
0.726	0.052	0.068	0.154
0.070	0.344	0.517	0.069
0.181	0.092	0.069	0.658
0.037	0.091	0.844	0.028
0.514	0.040	0.075	0.371
0.049	0.142	0.768	0.041
0.084	0.530	0.125	0.261
0.124	0.447	0.240	0.190
0.148	0.082	0.613	0.157
>AGAVNGAGWCTC	11-AGAVNGAGWCTC	7.005909	-30.523544	0	T:652.0(2.33%),B:6143.6(1.72%),P:1e-13	Tpos:100.0,Tstd:56.7,Bpos:101.7,Bstd:57.4,StrandBias:-0.0,Multiplicity:1.00
0.485	0.137	0.194	0.185
0.270	0.147	0.499	0.084
0.565	0.266	0.008	0.161
0.211	0.289	0.326	0.174
0.313	0.171	0.312	0.204
0.276	0.242	0.476	0.005
0.512	0.004	0.221	0.263
0.046	0.210	0.685	0.059
0.398	0.246	0.005	0.350
0.052	0.688	0.112	0.148
0.243	0.049	0.121	0.587
0.005	0.498	0.240	0.257
>AAGAAATACATA	12-AAGAAATACATA	9.164577	-29.947671	0	T:773.0(2.76%),B:7501.9(2.10%),P:1e-13	Tpos:97.7,Tstd:60.4,Bpos:100.0,Bstd:57.7,StrandBias:0.0,Multiplicity:1.02
0.823	0.054	0.043	0.080
0.858	0.031	0.049	0.062
0.056	0.052	0.795	0.097
0.826	0.051	0.061	0.062
0.868	0.063	0.018	0.051
0.840	0.062	0.036	0.062
0.067	0.071	0.051	0.811
0.841	0.048	0.065	0.046
0.054	0.884	0.040	0.022
0.816	0.069	0.069	0.046
0.076	0.030	0.054	0.840
0.801	0.029	0.066	0.104
>CATCGGTGGCTG	13-CATCGGTGGCTG	11.513235	-26.689285	0	T:51.0(0.18%),B:204.7(0.06%),P:1e-11	Tpos:104.0,Tstd:54.3,Bpos:103.6,Bstd:57.2,StrandBias:-0.2,Multiplicity:1.02
0.001	0.997	0.001	0.001
0.911	0.041	0.001	0.047
0.031	0.001	0.001	0.967
0.001	0.872	0.126	0.001
0.120	0.024	0.694	0.162
0.001	0.026	0.972	0.001
0.001	0.001	0.001	0.997
0.001	0.001	0.997	0.001
0.024	0.027	0.886	0.063
0.062	0.936	0.001	0.001
0.024	0.047	0.063	0.866
0.001	0.001	0.952	0.046
>GTATATGGTATC	14-GTATATGGTATC	14.538914	-25.569345	0	T:8.0(0.03%),B:3.0(0.00%),P:1e-11	Tpos:112.2,Tstd:57.8,Bpos:70.6,Bstd:37.4,StrandBias:0.7,Multiplicity:1.00
0.001	0.001	0.997	0.001
0.001	0.001	0.001	0.997
0.997	0.001	0.001	0.001
0.001	0.001	0.001	0.997
0.997	0.001	0.001	0.001
0.001	0.001	0.001	0.997
0.001	0.001	0.997	0.001
0.001	0.001	0.997	0.001
0.001	0.001	0.127	0.871
0.997	0.001	0.001	0.001
0.001	0.001	0.001	0.997
0.001	0.997	0.001	0.001
>AATTTTCTGCCC	15-AATTTTCTGCCC	13.880140	-22.894306	0	T:20.0(0.07%),B:39.9(0.01%),P:1e-9	Tpos:79.2,Tstd:45.3,Bpos:87.3,Bstd:54.6,StrandBias:-0.3,Multiplicity:1.00
0.797	0.001	0.201	0.001
0.997	0.001	0.001	0.001
0.001	0.001	0.001	0.997
0.001	0.001	0.001	0.997
0.001	0.001	0.270	0.728
0.321	0.001	0.001	0.677
0.001	0.861	0.001	0.137
0.001	0.001	0.001	0.997
0.001	0.001	0.997	0.001
0.001	0.997	0.001	0.001
0.192	0.806	0.001	0.001
0.001	0.997	0.001	0.001
>AAGCGATTCGCC	16-AAGCGATTCGCC	9.684604	-22.546588	0	T:419.0(1.49%),B:3872.7(1.08%),P:1e-9	Tpos:101.2,Tstd:49.9,Bpos:99.5,Bstd:53.1,StrandBias:0.1,Multiplicity:1.01
0.843	0.061	0.063	0.033
0.929	0.023	0.032	0.016
0.067	0.023	0.909	0.001
0.091	0.711	0.088	0.110
0.052	0.076	0.871	0.001
0.898	0.040	0.016	0.046
0.033	0.027	0.035	0.905
0.042	0.141	0.042	0.775
0.060	0.730	0.056	0.154
0.115	0.105	0.621	0.159
0.037	0.914	0.033	0.016
0.053	0.900	0.021	0.026
>ACTGCCTGTAGT	17-ACTGCCTGTAGT	12.355432	-21.634383	0	T:7.0(0.02%),B:3.0(0.00%),P:1e-9	Tpos:96.0,Tstd:59.1,Bpos:125.9,Bstd:26.5,StrandBias:-1.0,Multiplicity:1.00
0.700	0.100	0.100	0.100
0.100	0.700	0.100	0.100
0.100	0.100	0.100	0.700
0.100	0.100	0.700	0.100
0.100	0.700	0.100	0.100
0.100	0.700	0.100	0.100
0.100	0.100	0.100	0.700
0.100	0.100	0.700	0.100
0.100	0.100	0.100	0.700
0.700	0.100	0.100	0.100
0.100	0.100	0.700	0.100
0.100	0.100	0.100	0.700
>CGGTGGGTGGAG	18-CGGTGGGTGGAG	10.517278	-20.034058	0	T:76.0(0.27%),B:451.6(0.13%),P:1e-8	Tpos:89.6,Tstd:52.6,Bpos:103.5,Bstd:52.3,StrandBias:-0.0,Multiplicity:1.09
0.109	0.493	0.273	0.125
0.225	0.018	0.720	0.037
0.221	0.018	0.757	0.004
0.066	0.140	0.027	0.767
0.019	0.018	0.937	0.026
0.022	0.037	0.695	0.246
0.033	0.100	0.675	0.192
0.019	0.003	0.261	0.717
0.174	0.033	0.778	0.015
0.048	0.118	0.564	0.270
0.548	0.158	0.157	0.137
0.141	0.042	0.687	0.130
>CTCCATATATTA	19-CTCCATATATTA	12.355432	-18.864501	0	T:7.0(0.02%),B:3.8(0.00%),P:1e-8	Tpos:88.9,Tstd:58.2,Bpos:113.7,Bstd:66.1,StrandBias:0.4,Multiplicity:1.00
0.100	0.700	0.100	0.100
0.100	0.100	0.100	0.700
0.100	0.700	0.100	0.100
0.100	0.700	0.100	0.100
0.700	0.100	0.100	0.100
0.100	0.100	0.100	0.700
0.700	0.100	0.100	0.100
0.100	0.100	0.100	0.700
0.700	0.100	0.100	0.100
0.100	0.100	0.100	0.700
0.100	0.100	0.100	0.700
0.700	0.100	0.100	0.100
>TATAAATCATGA	20-TATAAATCATGA	12.355432	-18.864501	0	T:7.0(0.02%),B:3.7(0.00%),P:1e-8	Tpos:84.7,Tstd:62.8,Bpos:105.6,Bstd:46.9,StrandBias:-0.4,Multiplicity:1.00
0.100	0.100	0.100	0.700
0.700	0.100	0.100	0.100
0.100	0.100	0.100	0.700
0.700	0.100	0.100	0.100
0.700	0.100	0.100	0.100
0.700	0.100	0.100	0.100
0.100	0.100	0.100	0.700
0.100	0.700	0.100	0.100
0.700	0.100	0.100	0.100
0.100	0.100	0.100	0.700
0.100	0.100	0.700	0.100
0.700	0.100	0.100	0.100
>GGACAGACACCT	21-GGACAGACACCT	14.848018	-18.252439	0	T:10.0(0.04%),B:10.2(0.00%),P:1e-7	Tpos:132.3,Tstd:54.4,Bpos:132.4,Bstd:56.6,StrandBias:0.6,Multiplicity:1.00
0.001	0.001	0.997	0.001
0.001	0.001	0.997	0.001
0.997	0.001	0.001	0.001
0.001	0.997	0.001	0.001
0.997	0.001	0.001	0.001
0.173	0.001	0.825	0.001
0.997	0.001	0.001	0.001
0.001	0.997	0.001	0.001
0.997	0.001	0.001	0.001
0.001	0.997	0.001	0.001
0.001	0.997	0.001	0.001
0.001	0.001	0.001	0.997
>GGCCCCGCCCCC	22-GGCCCCGCCCCC	6.817872	-18.094668	0	T:1918.0(6.84%),B:21584.1(6.04%),P:1e-7	Tpos:101.3,Tstd:53.2,Bpos:100.1,Bstd:54.2,StrandBias:0.1,Multiplicity:1.46
0.102	0.085	0.740	0.073
0.089	0.093	0.742	0.076
0.076	0.761	0.089	0.074
0.087	0.742	0.086	0.085
0.081	0.759	0.078	0.082
0.084	0.739	0.097	0.080
0.079	0.077	0.765	0.079
0.084	0.749	0.094	0.073
0.080	0.760	0.083	0.077
0.066	0.775	0.076	0.083
0.091	0.734	0.088	0.087
0.084	0.736	0.087	0.093
>TCAGGCTAGATG	23-TCAGGCTAGATG	13.815495	-17.156145	0	T:12.0(0.04%),B:19.0(0.01%),P:1e-7	Tpos:101.2,Tstd:56.8,Bpos:97.5,Bstd:61.3,StrandBias:0.5,Multiplicity:1.00
0.001	0.001	0.001	0.997
0.001	0.997	0.001	0.001
0.997	0.001	0.001	0.001
0.001	0.177	0.645	0.177
0.399	0.001	0.599	0.001
0.001	0.997	0.001	0.001
0.001	0.001	0.353	0.645
0.997	0.001	0.001	0.001
0.177	0.245	0.400	0.177
0.997	0.001	0.001	0.001
0.001	0.001	0.001	0.997
0.001	0.001	0.997	0.001
>CACTTCCTGGTT	24-CACTTCCTGGTT	11.801033	-12.532977	0	T:25.0(0.09%),B:110.0(0.03%),P:1e-5	Tpos:106.4,Tstd:58.2,Bpos:100.6,Bstd:55.4,StrandBias:0.9,Multiplicity:1.29
0.001	0.997	0.001	0.001
0.997	0.001	0.001	0.001
0.001	0.997	0.001	0.001
0.001	0.079	0.001	0.919
0.001	0.110	0.001	0.888
0.058	0.940	0.001	0.001
0.001	0.997	0.001	0.001
0.001	0.001	0.001	0.997
0.001	0.001	0.997	0.001
0.001	0.001	0.997	0.001
0.001	0.001	0.001	0.997
0.001	0.001	0.001	0.997
>ACCCTAACCCTA	25-ACCCTAACCCTA	12.573019	-5.443208	0	T:8.0(0.03%),B:33.0(0.01%),P:1e-2	Tpos:100.2,Tstd:58.2,Bpos:93.5,Bstd:44.6,StrandBias:5.6,Multiplicity:6.12
0.997	0.001	0.001	0.001
0.032	0.966	0.001	0.001
0.001	0.997	0.001	0.001
0.056	0.942	0.001	0.001
0.023	0.001	0.001	0.975
0.997	0.001	0.001	0.001
0.997	0.001	0.001	0.001
0.001	0.997	0.001	0.001
0.032	0.966	0.001	0.001
0.032	0.966	0.001	0.001
0.101	0.001	0.001	0.897
0.997	0.001	0.001	0.001
>TGACTCAT	1-TGACTCAT	8.716862	-68.257531	0	T:1863.0(6.65%),B:18179.8(5.08%),P:1e-29	Tpos:100.5,Tstd:43.5,Bpos:100.8,Bstd:48.6,StrandBias:-0.1,Multiplicity:1.05
0.001	0.001	0.001	0.997
0.001	0.001	0.960	0.038
0.971	0.001	0.027	0.001
0.041	0.700	0.219	0.040
0.025	0.001	0.008	0.966
0.051	0.947	0.001	0.001
0.997	0.001	0.001	0.001
0.086	0.157	0.092	0.665
>TGACKCAG	2-TGACKCAG	4.449828	-37.836523	0	T:6307.0(22.50%),B:73191.7(20.47%),P:1e-16	Tpos:101.2,Tstd:53.2,Bpos:100.3,Bstd:55.1,StrandBias:0.0,Multiplicity:1.13
0.150	0.146	0.184	0.520
0.046	0.227	0.623	0.104
0.587	0.174	0.191	0.048
0.266	0.452	0.166	0.115
0.207	0.175	0.373	0.244
0.109	0.487	0.228	0.176
0.623	0.127	0.111	0.139
0.206	0.106	0.559	0.129
>GCACTCCG	3-GCACTCCG	7.456919	-29.041078	0	T:1256.0(4.48%),B:13027.7(3.64%),P:1e-12	Tpos:98.3,Tstd:53.6,Bpos:100.9,Bstd:55.0,StrandBias:-0.0,Multiplicity:1.03
0.001	0.350	0.648	0.001
0.001	0.722	0.001	0.276
0.960	0.038	0.001	0.001
0.024	0.974	0.001	0.001
0.252	0.001	0.031	0.716
0.001	0.993	0.001	0.005
0.001	0.885	0.113	0.001
0.096	0.001	0.882	0.021
>TGTARTCC	4-TGTARTCC	7.147691	-23.982422	0	T:2277.0(8.12%),B:25401.3(7.10%),P:1e-10	Tpos:99.9,Tstd:55.6,Bpos:99.5,Bstd:56.5,StrandBias:-0.0,Multiplicity:1.06
0.001	0.087	0.001	0.911
0.001	0.001	0.997	0.001
0.001	0.285	0.001	0.713
0.546	0.001	0.151	0.302
0.432	0.001	0.390	0.177
0.001	0.001	0.280	0.718
0.001	0.658	0.340	0.001
0.342	0.656	0.001	0.001
>GAACAATG	5-GAACAATG	7.278976	-22.799675	0	T:2096.0(7.48%),B:23328.0(6.52%),P:1e-9	Tpos:101.8,Tstd:54.9,Bpos:100.2,Bstd:55.5,StrandBias:-0.1,Multiplicity:1.05
0.126	0.049	0.758	0.067
0.889	0.041	0.027	0.043
0.967	0.001	0.031	0.001
0.001	0.903	0.059	0.037
0.907	0.001	0.041	0.051
0.850	0.046	0.103	0.001
0.001	0.042	0.001	0.956
0.001	0.091	0.907	0.001
>CAMSCRHT	6-CAMSCRHT	5.288032	-21.608368	0	T:2537.0(9.05%),B:28733.5(8.03%),P:1e-9	Tpos:99.5,Tstd:53.5,Bpos:100.5,Bstd:55.1,StrandBias:0.0,Multiplicity:1.04
0.055	0.564	0.162	0.219
0.679	0.052	0.268	0.001
0.429	0.524	0.001	0.046
0.061	0.492	0.445	0.002
0.093	0.555	0.153	0.199
0.531	0.069	0.399	0.001
0.364	0.319	0.076	0.242
0.102	0.281	0.088	0.529
>CGCAGCTG	7-CGCAGCTG	7.179471	-20.291341	0	T:2877.0(10.26%),B:32979.0(9.22%),P:1e-8	Tpos:100.3,Tstd:52.3,Bpos:100.0,Bstd:55.5,StrandBias:-0.0,Multiplicity:1.09
0.001	0.640	0.167	0.192
0.106	0.158	0.735	0.001
0.047	0.910	0.042	0.001
0.972	0.001	0.001	0.026
0.001	0.001	0.997	0.001
0.025	0.953	0.021	0.001
0.024	0.001	0.001	0.974
0.052	0.001	0.918	0.029
>CGAGATCG	8-CGAGATCG	8.663880	-19.753206	0	T:300.0(1.07%),B:2679.0(0.75%),P:1e-8	Tpos:95.9,Tstd:52.1,Bpos:101.2,Bstd:55.7,StrandBias:0.0,Multiplicity:1.01
0.001	0.841	0.157	0.001
0.001	0.123	0.875	0.001
0.997	0.001	0.001	0.001
0.001	0.001	0.997	0.001
0.997	0.001	0.001	0.001
0.001	0.001	0.001	0.997
0.001	0.867	0.001	0.131
0.001	0.001	0.997	0.001
>CGTAGTGT	9-CGTAGTGT	8.236954	-16.968520	0	T:48.0(0.17%),B:251.0(0.07%),P:1e-7	Tpos:103.3,Tstd:56.6,Bpos:102.2,Bstd:56.2,StrandBias:0.0,Multiplicity:1.00
0.100	0.700	0.100	0.100
0.100	0.100	0.700	0.100
0.100	0.100	0.100	0.700
0.700	0.100	0.100	0.100
0.100	0.100	0.700	0.100
0.100	0.100	0.100	0.700
0.100	0.100	0.700	0.100
0.100	0.100	0.100	0.700
>ACTCCGTC	10-ACTCCGTC	8.171341	-16.786635	0	T:227.0(0.81%),B:1989.4(0.56%),P:1e-7	Tpos:103.2,Tstd:59.8,Bpos:98.7,Bstd:58.7,StrandBias:0.0,Multiplicity:1.00
0.997	0.001	0.001	0.001
0.001	0.997	0.001	0.001
0.001	0.001	0.001	0.997
0.073	0.925	0.001	0.001
0.001	0.997	0.001	0.001
0.001	0.001	0.997	0.001
0.245	0.001	0.001	0.753
0.001	0.997	0.001	0.001
>AAAAAAAA	11-AAAAAAAA	8.236954	-15.892368	0	T:1794.0(6.40%),B:20287.3(5.67%),P:1e-6	Tpos:101.0,Tstd:65.2,Bpos:99.1,Bstd:63.5,StrandBias:0.0,Multiplicity:1.07
0.700	0.100	0.100	0.100
0.700	0.100	0.100	0.100
0.700	0.100	0.100	0.100
0.700	0.100	0.100	0.100
0.700	0.100	0.100	0.100
0.700	0.100	0.100	0.100
0.700	0.100	0.100	0.100
0.700	0.100	0.100	0.100
>GCCTGGGC	12-GCCTGGGC	10.061464	-15.477684	0	T:1624.0(5.79%),B:18278.8(5.11%),P:1e-6	Tpos:99.2,Tstd:55.2,Bpos:99.9,Bstd:57.2,StrandBias:0.1,Multiplicity:1.04
0.001	0.001	0.997	0.001
0.001	0.997	0.001	0.001
0.001	0.997	0.001	0.001
0.001	0.001	0.001	0.997
0.001	0.001	0.997	0.001
0.001	0.001	0.997	0.001
0.001	0.001	0.997	0.001
0.001	0.633	0.365	0.001
>GCTCACTG	13-GCTCACTG	7.927347	-15.253637	0	T:1733.0(6.18%),B:19611.0(5.48%),P:1e-6	Tpos:99.9,Tstd:50.4,Bpos:99.7,Bstd:52.9,StrandBias:-0.1,Multiplicity:1.02
0.001	0.001	0.997	0.001
0.001	0.997	0.001	0.001
0.136	0.001	0.001	0.862
0.001	0.893	0.001	0.105
0.936	0.001	0.062	0.001
0.101	0.897	0.001	0.001
0.001	0.001	0.001	0.997
0.001	0.001	0.997	0.001
>TAACAGGA	14-TAACAGGA	9.019083	-14.452800	0	T:704.0(2.51%),B:7442.1(2.08%),P:1e-6	Tpos:97.5,Tstd:56.9,Bpos:99.5,Bstd:56.3,StrandBias:0.1,Multiplicity:1.01
0.001	0.001	0.001	0.997
0.997	0.001	0.001	0.001
0.997	0.001	0.001	0.001
0.001	0.773	0.225	0.001
0.997	0.001	0.001	0.001
0.001	0.001	0.832	0.166
0.001	0.001	0.997	0.001
0.997	0.001	0.001	0.001
>GGRGGGGG	15-GGRGGGGG	6.343898	-13.201135	0	T:6144.0(21.92%),B:74347.8(20.79%),P:1e-5	Tpos:99.9,Tstd:54.0,Bpos:99.8,Bstd:55.5,StrandBias:0.0,Multiplicity:1.47
0.074	0.001	0.924	0.001
0.001	0.001	0.943	0.055
0.306	0.124	0.447	0.122
0.055	0.182	0.762	0.001
0.001	0.169	0.802	0.028
0.344	0.098	0.557	0.001
0.001	0.122	0.876	0.001
0.001	0.313	0.685	0.001
>GCCGGGCG	16-GCCGGGCG	7.172272	-10.957371	0	T:1553.0(5.54%),B:17852.2(4.99%),P:1e-4	Tpos:100.6,Tstd:55.2,Bpos:99.7,Bstd:55.6,StrandBias:0.1,Multiplicity:1.18
0.001	0.024	0.974	0.001
0.092	0.819	0.062	0.027
0.001	0.997	0.001	0.001
0.102	0.101	0.796	0.001
0.001	0.039	0.942	0.018
0.001	0.001	0.997	0.001
0.045	0.901	0.053	0.001
0.038	0.105	0.743	0.114
>ACCCTAAC	17-ACCCTAAC	9.564244	-7.224011	0	T:210.0(0.75%),B:2131.4(0.60%),P:1e-3	Tpos:98.7,Tstd:57.0,Bpos:99.6,Bstd:57.4,StrandBias:0.2,Multiplicity:1.20
0.997	0.001	0.001	0.001
0.001	0.997	0.001	0.001
0.001	0.997	0.001	0.001
0.001	0.997	0.001	0.001
0.001	0.001	0.001	0.997
0.997	0.001	0.001	0.001
0.776	0.001	0.001	0.222
0.001	0.997	0.001	0.001
