>NRTGASTCAY	1-NRTGASTCAY	7.520944	-78.779317	0	T:2845.0(10.15%),B:28888.7(8.08%),P:1e-34	Tpos:100.8,Tstd:44.5,Bpos:100.9,Bstd:49.2,StrandBias:-0.0,Multiplicity:1.09
0.282	0.198	0.323	0.198
0.486	0.168	0.344	0.001
0.001	0.001	0.001	0.997
0.060	0.001	0.668	0.271
0.987	0.001	0.011	0.001
0.186	0.278	0.374	0.163
0.001	0.001	0.001	0.997
0.235	0.650	0.114	0.001
0.997	0.001	0.001	0.001
0.101	0.350	0.181	0.368
>TGTAGTCCGA	2-TGTAGTCCGA	6.917836	-33.618557	0	T:1971.0(7.03%),B:21092.7(5.90%),P:1e-14	Tpos:99.0,Tstd:54.8,Bpos:99.9,Bstd:56.1,StrandBias:-0.1,Multiplicity:1.04
0.027	0.026	0.035	0.912
0.060	0.103	0.780	0.057
0.050	0.060	0.098	0.792
0.812	0.037	0.083	0.068
0.099	0.052	0.766	0.083
0.046	0.067	0.044	0.843
0.063	0.798	0.068	0.071
0.054	0.775	0.066	0.105
0.066	0.127	0.679	0.128
0.844	0.039	0.060	0.057
>ATTCTCCTGC	3-ATTCTCCTGC	7.827103	-32.771536	0	T:721.0(2.57%),B:6821.8(1.91%),P:1e-14	Tpos:100.2,Tstd:50.6,Bpos:99.8,Bstd:53.3,StrandBias:0.2,Multiplicity:1.01
0.997	0.001	0.001	0.001
0.001	0.065	0.001	0.933
0.027	0.001	0.001	0.971
0.001	0.874	0.124	0.001
0.040	0.001	0.001	0.958
0.001	0.932	0.001	0.066
0.001	0.967	0.031	0.001
0.001	0.001	0.052	0.946
0.001	0.001	0.943	0.055
0.001	0.997	0.001	0.001
>ATGGTGACGT	4-ATGGTGACGT	9.834972	-31.520696	0	T:142.0(0.51%),B:890.1(0.25%),P:1e-13	Tpos:99.9,Tstd:48.6,Bpos:99.5,Bstd:54.3,StrandBias:0.0,Multiplicity:1.01
0.850	0.001	0.128	0.021
0.048	0.049	0.024	0.879
0.082	0.001	0.910	0.007
0.014	0.123	0.862	0.001
0.052	0.014	0.012	0.922
0.014	0.048	0.937	0.001
0.984	0.001	0.001	0.014
0.057	0.751	0.048	0.144
0.001	0.001	0.997	0.001
0.001	0.066	0.001	0.932
>GCTCANTRCA	5-GCTCANTRCA	9.541510	-29.785337	0	T:868.0(3.10%),B:8570.5(2.40%),P:1e-12	Tpos:99.2,Tstd:47.7,Bpos:100.7,Bstd:51.1,StrandBias:-0.1,Multiplicity:1.01
0.001	0.330	0.668	0.001
0.001	0.601	0.397	0.001
0.376	0.001	0.001	0.622
0.001	0.997	0.001	0.001
0.997	0.001	0.001	0.001
0.223	0.205	0.255	0.316
0.001	0.001	0.001	0.997
0.501	0.001	0.497	0.001
0.340	0.658	0.001	0.001
0.997	0.001	0.001	0.001
>TTTTTTTTTT	6-TTTTTTTTTT	13.604661	-29.693883	0	T:965.0(3.44%),B:9668.0(2.70%),P:1e-12	Tpos:101.0,Tstd:64.9,Bpos:99.1,Bstd:63.9,StrandBias:-0.0,Multiplicity:1.03
0.001	0.049	0.018	0.932
0.001	0.034	0.014	0.951
0.001	0.035	0.013	0.951
0.001	0.001	0.001	0.997
0.001	0.001	0.001	0.997
0.001	0.001	0.001	0.997
0.001	0.001	0.001	0.997
0.001	0.001	0.001	0.997
0.001	0.001	0.001	0.997
0.001	0.001	0.065	0.933
>GCACGATCTC	7-GCACGATCTC	8.798688	-28.921735	0	T:379.0(1.35%),B:3262.3(0.91%),P:1e-12	Tpos:96.8,Tstd:49.5,Bpos:100.6,Bstd:52.9,StrandBias:-0.0,Multiplicity:1.01
0.001	0.037	0.947	0.015
0.012	0.986	0.001	0.001
0.670	0.001	0.328	0.001
0.022	0.850	0.001	0.127
0.114	0.001	0.884	0.001
0.944	0.028	0.027	0.001
0.001	0.017	0.027	0.955
0.017	0.951	0.031	0.001
0.036	0.001	0.031	0.932
0.001	0.945	0.022	0.032
>ACTCCGTCTC	8-ACTCCGTCTC	8.937221	-25.941352	0	T:651.0(2.32%),B:6300.1(1.76%),P:1e-11	Tpos:100.6,Tstd:60.3,Bpos:100.0,Bstd:59.6,StrandBias:0.0,Multiplicity:1.06
0.967	0.031	0.001	0.001
0.001	0.997	0.001	0.001
0.049	0.068	0.001	0.882
0.022	0.950	0.027	0.001
0.031	0.824	0.001	0.144
0.072	0.001	0.926	0.001
0.067	0.063	0.001	0.869
0.001	0.997	0.001	0.001
0.015	0.064	0.015	0.906
0.015	0.983	0.001	0.001
>TACCAAGCTG	9-TACCAAGCTG	8.187140	-25.386824	0	T:370.0(1.32%),B:3262.8(0.91%),P:1e-11	Tpos:98.4,Tstd:53.0,Bpos:98.5,Bstd:54.9,StrandBias:0.0,Multiplicity:1.01
0.188	0.132	0.115	0.565
0.845	0.126	0.019	0.010
0.159	0.607	0.059	0.175
0.216	0.562	0.074	0.148
0.521	0.303	0.118	0.058
0.678	0.083	0.014	0.225
0.032	0.033	0.823	0.112
0.290	0.652	0.048	0.010
0.028	0.021	0.017	0.934
0.140	0.149	0.616	0.095
>CTACTCGGGA	10-CTACTCGGGA	9.509624	-25.330644	0	T:485.0(1.73%),B:4497.8(1.26%),P:1e-11	Tpos:98.9,Tstd:52.6,Bpos:100.9,Bstd:53.8,StrandBias:0.0,Multiplicity:1.00
0.014	0.984	0.001	0.001
0.020	0.033	0.077	0.870
0.853	0.037	0.079	0.031
0.001	0.985	0.001	0.013
0.014	0.001	0.001	0.984
0.104	0.849	0.046	0.001
0.200	0.060	0.739	0.001
0.034	0.057	0.908	0.001
0.045	0.032	0.922	0.001
0.997	0.001	0.001	0.001
>CCAGCCTGGA	11-CCAGCCTGGA	9.280025	-25.306543	0	T:1167.0(4.16%),B:12199.9(3.41%),P:1e-10	Tpos:99.7,Tstd:54.0,Bpos:99.9,Bstd:56.4,StrandBias:0.0,Multiplicity:1.02
0.036	0.892	0.038	0.034
0.031	0.967	0.001	0.001
0.974	0.024	0.001	0.001
0.001	0.001	0.997	0.001
0.043	0.648	0.308	0.001
0.001	0.966	0.001	0.032
0.001	0.001	0.001	0.997
0.046	0.016	0.923	0.015
0.023	0.001	0.975	0.001
0.678	0.001	0.320	0.001
>GGAGGAGGAG	12-GGAGGAGGAG	9.977393	-24.962784	0	T:898.0(3.20%),B:9125.1(2.55%),P:1e-10	Tpos:99.8,Tstd:50.9,Bpos:101.0,Bstd:53.4,StrandBias:-0.2,Multiplicity:1.07
0.001	0.029	0.969	0.001
0.020	0.077	0.858	0.045
0.957	0.001	0.001	0.041
0.001	0.001	0.982	0.016
0.001	0.001	0.971	0.027
0.754	0.171	0.048	0.027
0.042	0.011	0.904	0.043
0.001	0.074	0.924	0.001
0.943	0.017	0.001	0.039
0.001	0.017	0.981	0.001
>CTGTCCATCG	13-CTGTCCATCG	9.605598	-23.332817	0	T:133.0(0.47%),B:918.2(0.26%),P:1e-10	Tpos:96.2,Tstd:56.3,Bpos:98.6,Bstd:57.3,StrandBias:-0.4,Multiplicity:1.01
0.058	0.940	0.001	0.001
0.066	0.022	0.065	0.847
0.001	0.146	0.822	0.031
0.001	0.040	0.050	0.909
0.001	0.926	0.072	0.001
0.001	0.985	0.001	0.013
0.950	0.032	0.017	0.001
0.001	0.038	0.001	0.960
0.001	0.997	0.001	0.001
0.001	0.078	0.761	0.160
>CAWAMARTTA	14-CAWAMARTTA	6.757787	-22.616005	0	T:659.0(2.35%),B:6524.4(1.82%),P:1e-9	Tpos:99.0,Tstd:61.0,Bpos:98.6,Bstd:59.1,StrandBias:0.1,Multiplicity:1.01
0.254	0.607	0.010	0.129
0.573	0.072	0.050	0.305
0.252	0.164	0.210	0.374
0.740	0.068	0.096	0.096
0.427	0.305	0.022	0.246
0.577	0.282	0.035	0.106
0.412	0.104	0.302	0.182
0.216	0.094	0.151	0.539
0.026	0.139	0.076	0.759
0.529	0.183	0.052	0.236
>TCGCTCTGTC	15-TCGCTCTGTC	9.893893	-22.594754	0	T:362.0(1.29%),B:3257.3(0.91%),P:1e-9	Tpos:103.6,Tstd:54.4,Bpos:101.2,Bstd:56.9,StrandBias:-0.1,Multiplicity:1.00
0.001	0.056	0.179	0.764
0.001	0.785	0.066	0.148
0.001	0.040	0.925	0.034
0.018	0.916	0.043	0.023
0.001	0.001	0.001	0.997
0.012	0.922	0.019	0.047
0.001	0.008	0.001	0.990
0.034	0.001	0.908	0.057
0.001	0.012	0.001	0.986
0.001	0.972	0.026	0.001
>AGGAGGTCGA	16-AGGAGGTCGA	9.254619	-21.902439	0	T:361.0(1.29%),B:3267.7(0.91%),P:1e-9	Tpos:102.6,Tstd:53.3,Bpos:99.9,Bstd:56.7,StrandBias:0.2,Multiplicity:1.01
0.997	0.001	0.001	0.001
0.001	0.024	0.923	0.052
0.012	0.001	0.986	0.001
0.881	0.048	0.009	0.062
0.001	0.001	0.997	0.001
0.049	0.001	0.750	0.200
0.068	0.047	0.001	0.884
0.049	0.878	0.072	0.001
0.001	0.001	0.962	0.036
0.859	0.060	0.038	0.043
>RGMCCSDCCC	17-RGMCCSDCCC	5.999324	-21.785709	0	T:1160.0(4.14%),B:12319.4(3.44%),P:1e-9	Tpos:101.4,Tstd:52.4,Bpos:100.7,Bstd:54.7,StrandBias:-0.1,Multiplicity:1.15
0.480	0.009	0.501	0.010
0.005	0.184	0.506	0.305
0.315	0.445	0.236	0.004
0.012	0.571	0.009	0.408
0.340	0.566	0.009	0.085
0.178	0.362	0.251	0.208
0.287	0.038	0.380	0.295
0.337	0.657	0.003	0.003
0.204	0.426	0.154	0.215
0.100	0.534	0.010	0.356
>GCCCCGCCCT	18-GCCCCGCCCT	10.382740	-21.420679	0	T:101.0(0.36%),B:653.1(0.18%),P:1e-9	Tpos:102.4,Tstd:50.3,Bpos:98.7,Bstd:53.2,StrandBias:-0.4,Multiplicity:1.15
0.001	0.001	0.997	0.001
0.001	0.997	0.001	0.001
0.001	0.997	0.001	0.001
0.146	0.852	0.001	0.001
0.001	0.997	0.001	0.001
0.001	0.040	0.958	0.001
0.001	0.997	0.001	0.001
0.001	0.997	0.001	0.001
0.001	0.923	0.075	0.001
0.001	0.001	0.001	0.997
>CAAGATGACT	19-CAAGATGACT	8.174651	-20.365542	0	T:469.0(1.67%),B:4495.5(1.26%),P:1e-8	Tpos:99.4,Tstd:55.2,Bpos:99.6,Bstd:55.3,StrandBias:-0.1,Multiplicity:1.00
0.152	0.648	0.111	0.089
0.753	0.066	0.002	0.179
0.915	0.001	0.071	0.013
0.133	0.001	0.853	0.013
0.612	0.135	0.155	0.098
0.211	0.001	0.117	0.671
0.205	0.130	0.546	0.119
0.763	0.140	0.096	0.001
0.151	0.531	0.204	0.114
0.172	0.001	0.017	0.810
>AGACCAGAGG	20-AGACCAGAGG	10.363634	-18.056794	0	T:140.0(0.50%),B:1072.2(0.30%),P:1e-7	Tpos:104.8,Tstd:56.2,Bpos:99.1,Bstd:55.2,StrandBias:-0.1,Multiplicity:1.00
0.853	0.001	0.145	0.001
0.001	0.001	0.997	0.001
0.997	0.001	0.001	0.001
0.001	0.997	0.001	0.001
0.146	0.852	0.001	0.001
0.882	0.001	0.001	0.116
0.001	0.001	0.997	0.001
0.997	0.001	0.001	0.001
0.001	0.048	0.950	0.001
0.001	0.001	0.997	0.001
>ATTTATATTA	21-ATTTATATTA	7.466685	-15.632176	0	T:1264.0(4.51%),B:13959.9(3.90%),P:1e-6	Tpos:100.3,Tstd:61.7,Bpos:99.5,Bstd:58.8,StrandBias:0.1,Multiplicity:1.05
0.773	0.065	0.079	0.083
0.081	0.068	0.109	0.742
0.107	0.041	0.035	0.817
0.072	0.051	0.082	0.795
0.790	0.023	0.091	0.096
0.087	0.035	0.050	0.828
0.834	0.088	0.058	0.020
0.069	0.055	0.100	0.776
0.084	0.034	0.090	0.792
0.857	0.044	0.019	0.080
>AGATCGATCA	22-AGATCGATCA	10.296193	-15.466492	0	T:6.0(0.02%),B:3.7(0.00%),P:1e-6	Tpos:132.2,Tstd:49.3,Bpos:117.2,Bstd:45.9,StrandBias:2.3,Multiplicity:1.00
0.700	0.100	0.100	0.100
0.100	0.100	0.700	0.100
0.700	0.100	0.100	0.100
0.100	0.100	0.100	0.700
0.100	0.700	0.100	0.100
0.100	0.100	0.700	0.100
0.700	0.100	0.100	0.100
0.100	0.100	0.100	0.700
0.100	0.700	0.100	0.100
0.700	0.100	0.100	0.100
>TCCGATTATA	23-TCCGATTATA	10.296193	-10.847688	0	T:5.0(0.02%),B:4.0(0.00%),P:1e-4	Tpos:117.2,Tstd:46.9,Bpos:71.8,Bstd:36.7,StrandBias:0.6,Multiplicity:1.00
0.100	0.100	0.100	0.700
0.100	0.700	0.100	0.100
0.100	0.700	0.100	0.100
0.100	0.100	0.700	0.100
0.700	0.100	0.100	0.100
0.100	0.100	0.100	0.700
0.100	0.100	0.100	0.700
0.700	0.100	0.100	0.100
0.100	0.100	0.100	0.700
0.700	0.100	0.100	0.100
>CCGCCCCCCC	24-CCGCCCCCCC	6.465739	-9.503140	0	T:3393.0(12.10%),B:40690.6(11.38%),P:1e-4	Tpos:100.4,Tstd:54.1,Bpos:100.1,Bstd:55.8,StrandBias:-0.0,Multiplicity:1.43
0.081	0.704	0.121	0.094
0.117	0.676	0.104	0.103
0.102	0.161	0.633	0.104
0.073	0.735	0.104	0.088
0.082	0.734	0.107	0.077
0.092	0.713	0.090	0.105
0.081	0.712	0.107	0.100
0.083	0.686	0.116	0.115
0.103	0.684	0.111	0.102
0.097	0.721	0.093	0.089
>ACCCTAACCC	25-ACCCTAACCC	11.628627	-4.734482	0	T:21.0(0.07%),B:149.8(0.04%),P:1e-2	Tpos:96.3,Tstd:57.3,Bpos:97.0,Bstd:56.7,StrandBias:3.1,Multiplicity:2.90
0.997	0.001	0.001	0.001
0.001	0.997	0.001	0.001
0.001	0.997	0.001	0.001
0.110	0.888	0.001	0.001
0.001	0.001	0.001	0.997
0.997	0.001	0.001	0.001
0.997	0.001	0.001	0.001
0.001	0.997	0.001	0.001
0.001	0.997	0.001	0.001
0.001	0.997	0.001	0.001
