>TGACTCAT	1-TGACTCAT	8.716862	-68.257531	0	T:1863.0(6.65%),B:18179.8(5.08%),P:1e-29	Tpos:100.5,Tstd:43.5,Bpos:100.8,Bstd:48.6,StrandBias:-0.1,Multiplicity:1.05
0.001	0.001	0.001	0.997
0.001	0.001	0.960	0.038
0.971	0.001	0.027	0.001
0.041	0.700	0.219	0.040
0.025	0.001	0.008	0.966
0.051	0.947	0.001	0.001
0.997	0.001	0.001	0.001
0.086	0.157	0.092	0.665
>TGACKCAG	2-TGACKCAG	4.449828	-37.836523	0	T:6307.0(22.50%),B:73191.7(20.47%),P:1e-16	Tpos:101.2,Tstd:53.2,Bpos:100.3,Bstd:55.1,StrandBias:0.0,Multiplicity:1.13
0.150	0.146	0.184	0.520
0.046	0.227	0.623	0.104
0.587	0.174	0.191	0.048
0.266	0.452	0.166	0.115
0.207	0.175	0.373	0.244
0.109	0.487	0.228	0.176
0.623	0.127	0.111	0.139
0.206	0.106	0.559	0.129
>GCACTCCG	3-GCACTCCG	7.456919	-29.041078	0	T:1256.0(4.48%),B:13027.7(3.64%),P:1e-12	Tpos:98.3,Tstd:53.6,Bpos:100.9,Bstd:55.0,StrandBias:-0.0,Multiplicity:1.03
0.001	0.350	0.648	0.001
0.001	0.722	0.001	0.276
0.960	0.038	0.001	0.001
0.024	0.974	0.001	0.001
0.252	0.001	0.031	0.716
0.001	0.993	0.001	0.005
0.001	0.885	0.113	0.001
0.096	0.001	0.882	0.021
>TGTARTCC	4-TGTARTCC	7.147691	-23.982422	0	T:2277.0(8.12%),B:25401.3(7.10%),P:1e-10	Tpos:99.9,Tstd:55.6,Bpos:99.5,Bstd:56.5,StrandBias:-0.0,Multiplicity:1.06
0.001	0.087	0.001	0.911
0.001	0.001	0.997	0.001
0.001	0.285	0.001	0.713
0.546	0.001	0.151	0.302
0.432	0.001	0.390	0.177
0.001	0.001	0.280	0.718
0.001	0.658	0.340	0.001
0.342	0.656	0.001	0.001
>GAACAATG	5-GAACAATG	7.278976	-22.799675	0	T:2096.0(7.48%),B:23328.0(6.52%),P:1e-9	Tpos:101.8,Tstd:54.9,Bpos:100.2,Bstd:55.5,StrandBias:-0.1,Multiplicity:1.05
0.126	0.049	0.758	0.067
0.889	0.041	0.027	0.043
0.967	0.001	0.031	0.001
0.001	0.903	0.059	0.037
0.907	0.001	0.041	0.051
0.850	0.046	0.103	0.001
0.001	0.042	0.001	0.956
0.001	0.091	0.907	0.001
>CAMSCRHT	6-CAMSCRHT	5.288032	-21.608368	0	T:2537.0(9.05%),B:28733.5(8.03%),P:1e-9	Tpos:99.5,Tstd:53.5,Bpos:100.5,Bstd:55.1,StrandBias:0.0,Multiplicity:1.04
0.055	0.564	0.162	0.219
0.679	0.052	0.268	0.001
0.429	0.524	0.001	0.046
0.061	0.492	0.445	0.002
0.093	0.555	0.153	0.199
0.531	0.069	0.399	0.001
0.364	0.319	0.076	0.242
0.102	0.281	0.088	0.529
>CGCAGCTG	7-CGCAGCTG	7.179471	-20.291341	0	T:2877.0(10.26%),B:32979.0(9.22%),P:1e-8	Tpos:100.3,Tstd:52.3,Bpos:100.0,Bstd:55.5,StrandBias:-0.0,Multiplicity:1.09
0.001	0.640	0.167	0.192
0.106	0.158	0.735	0.001
0.047	0.910	0.042	0.001
0.972	0.001	0.001	0.026
0.001	0.001	0.997	0.001
0.025	0.953	0.021	0.001
0.024	0.001	0.001	0.974
0.052	0.001	0.918	0.029
>CGAGATCG	8-CGAGATCG	8.663880	-19.753206	0	T:300.0(1.07%),B:2679.0(0.75%),P:1e-8	Tpos:95.9,Tstd:52.1,Bpos:101.2,Bstd:55.7,StrandBias:0.0,Multiplicity:1.01
0.001	0.841	0.157	0.001
0.001	0.123	0.875	0.001
0.997	0.001	0.001	0.001
0.001	0.001	0.997	0.001
0.997	0.001	0.001	0.001
0.001	0.001	0.001	0.997
0.001	0.867	0.001	0.131
0.001	0.001	0.997	0.001
>CGTAGTGT	9-CGTAGTGT	8.236954	-16.968520	0	T:48.0(0.17%),B:251.0(0.07%),P:1e-7	Tpos:103.3,Tstd:56.6,Bpos:102.2,Bstd:56.2,StrandBias:0.0,Multiplicity:1.00
0.100	0.700	0.100	0.100
0.100	0.100	0.700	0.100
0.100	0.100	0.100	0.700
0.700	0.100	0.100	0.100
0.100	0.100	0.700	0.100
0.100	0.100	0.100	0.700
0.100	0.100	0.700	0.100
0.100	0.100	0.100	0.700
>ACTCCGTC	10-ACTCCGTC	8.171341	-16.786635	0	T:227.0(0.81%),B:1989.4(0.56%),P:1e-7	Tpos:103.2,Tstd:59.8,Bpos:98.7,Bstd:58.7,StrandBias:0.0,Multiplicity:1.00
0.997	0.001	0.001	0.001
0.001	0.997	0.001	0.001
0.001	0.001	0.001	0.997
0.073	0.925	0.001	0.001
0.001	0.997	0.001	0.001
0.001	0.001	0.997	0.001
0.245	0.001	0.001	0.753
0.001	0.997	0.001	0.001
>AAAAAAAA	11-AAAAAAAA	8.236954	-15.892368	0	T:1794.0(6.40%),B:20287.3(5.67%),P:1e-6	Tpos:101.0,Tstd:65.2,Bpos:99.1,Bstd:63.5,StrandBias:0.0,Multiplicity:1.07
0.700	0.100	0.100	0.100
0.700	0.100	0.100	0.100
0.700	0.100	0.100	0.100
0.700	0.100	0.100	0.100
0.700	0.100	0.100	0.100
0.700	0.100	0.100	0.100
0.700	0.100	0.100	0.100
0.700	0.100	0.100	0.100
>GCCTGGGC	12-GCCTGGGC	10.061464	-15.477684	0	T:1624.0(5.79%),B:18278.8(5.11%),P:1e-6	Tpos:99.2,Tstd:55.2,Bpos:99.9,Bstd:57.2,StrandBias:0.1,Multiplicity:1.04
0.001	0.001	0.997	0.001
0.001	0.997	0.001	0.001
0.001	0.997	0.001	0.001
0.001	0.001	0.001	0.997
0.001	0.001	0.997	0.001
0.001	0.001	0.997	0.001
0.001	0.001	0.997	0.001
0.001	0.633	0.365	0.001
>GCTCACTG	13-GCTCACTG	7.927347	-15.253637	0	T:1733.0(6.18%),B:19611.0(5.48%),P:1e-6	Tpos:99.9,Tstd:50.4,Bpos:99.7,Bstd:52.9,StrandBias:-0.1,Multiplicity:1.02
0.001	0.001	0.997	0.001
0.001	0.997	0.001	0.001
0.136	0.001	0.001	0.862
0.001	0.893	0.001	0.105
0.936	0.001	0.062	0.001
0.101	0.897	0.001	0.001
0.001	0.001	0.001	0.997
0.001	0.001	0.997	0.001
>TAACAGGA	14-TAACAGGA	9.019083	-14.452800	0	T:704.0(2.51%),B:7442.1(2.08%),P:1e-6	Tpos:97.5,Tstd:56.9,Bpos:99.5,Bstd:56.3,StrandBias:0.1,Multiplicity:1.01
0.001	0.001	0.001	0.997
0.997	0.001	0.001	0.001
0.997	0.001	0.001	0.001
0.001	0.773	0.225	0.001
0.997	0.001	0.001	0.001
0.001	0.001	0.832	0.166
0.001	0.001	0.997	0.001
0.997	0.001	0.001	0.001
>GGRGGGGG	15-GGRGGGGG	6.343898	-13.201135	0	T:6144.0(21.92%),B:74347.8(20.79%),P:1e-5	Tpos:99.9,Tstd:54.0,Bpos:99.8,Bstd:55.5,StrandBias:0.0,Multiplicity:1.47
0.074	0.001	0.924	0.001
0.001	0.001	0.943	0.055
0.306	0.124	0.447	0.122
0.055	0.182	0.762	0.001
0.001	0.169	0.802	0.028
0.344	0.098	0.557	0.001
0.001	0.122	0.876	0.001
0.001	0.313	0.685	0.001
>GCCGGGCG	16-GCCGGGCG	7.172272	-10.957371	0	T:1553.0(5.54%),B:17852.2(4.99%),P:1e-4	Tpos:100.6,Tstd:55.2,Bpos:99.7,Bstd:55.6,StrandBias:0.1,Multiplicity:1.18
0.001	0.024	0.974	0.001
0.092	0.819	0.062	0.027
0.001	0.997	0.001	0.001
0.102	0.101	0.796	0.001
0.001	0.039	0.942	0.018
0.001	0.001	0.997	0.001
0.045	0.901	0.053	0.001
0.038	0.105	0.743	0.114
>ACCCTAAC	17-ACCCTAAC	9.564244	-7.224011	0	T:210.0(0.75%),B:2131.4(0.60%),P:1e-3	Tpos:98.7,Tstd:57.0,Bpos:99.6,Bstd:57.4,StrandBias:0.2,Multiplicity:1.20
0.997	0.001	0.001	0.001
0.001	0.997	0.001	0.001
0.001	0.997	0.001	0.001
0.001	0.997	0.001	0.001
0.001	0.001	0.001	0.997
0.997	0.001	0.001	0.001
0.776	0.001	0.001	0.222
0.001	0.997	0.001	0.001
