>AGAACAGTGATA	12-TATCACTGTTCT	9.703379	-21.483916	0	T:159.0(0.58%),B:1221.4(0.34%),P:1e-9
0.870	0.098	0.031	0.001
0.001	0.034	0.929	0.036
0.843	0.033	0.033	0.091
0.771	0.126	0.065	0.038
0.036	0.814	0.101	0.049
0.736	0.124	0.001	0.139
0.017	0.030	0.904	0.049
0.026	0.181	0.057	0.736
0.170	0.034	0.685	0.111
0.885	0.033	0.049	0.033
0.024	0.001	0.032	0.943
0.901	0.058	0.040	0.001
