>TATGTCGTGACT	9-TATGTCGTGACT,BestGuess:ZBED1/MA0749.1/Jaspar(0.683)	8.826929	-24.028060	0	T:61.0(0.22%),B:300.9(0.08%),P:1e-10
0.088	0.104	0.227	0.581
0.565	0.223	0.090	0.122
0.164	0.073	0.107	0.656
0.074	0.069	0.740	0.117
0.250	0.116	0.088	0.546
0.078	0.715	0.003	0.204
0.001	0.001	0.935	0.063
0.269	0.001	0.147	0.583
0.004	0.070	0.750	0.176
0.620	0.069	0.096	0.215
0.073	0.592	0.231	0.104
0.220	0.005	0.078	0.697
