>GGTCACCCAGGC	5-GCCTGGGTGACC	6.822258	-35.355106	0	T:2093.0(7.62%),B:22913.3(6.40%),P:1e-15
0.095	0.082	0.727	0.096
0.089	0.085	0.750	0.076
0.082	0.088	0.087	0.743
0.076	0.768	0.079	0.077
0.778	0.077	0.061	0.084
0.106	0.711	0.093	0.090
0.079	0.762	0.074	0.085
0.082	0.758	0.083	0.077
0.767	0.063	0.079	0.091
0.085	0.065	0.767	0.083
0.082	0.095	0.729	0.094
0.090	0.743	0.086	0.081
