>GCCACTGCACCC	3-GCCACTGCACCC,BestGuess:PB0091.1_Zbtb3_1/Jaspar(0.724)	8.149114	-46.855365	0	T:2001.0(7.28%),B:21160.0(5.91%),P:1e-20
0.241	0.024	0.734	0.001
0.013	0.770	0.149	0.068
0.046	0.791	0.001	0.162
0.805	0.162	0.001	0.032
0.119	0.629	0.150	0.102
0.212	0.184	0.038	0.566
0.050	0.024	0.912	0.014
0.063	0.929	0.001	0.007
0.490	0.183	0.140	0.187
0.001	0.879	0.007	0.113
0.001	0.612	0.001	0.386
0.033	0.769	0.001	0.197
