>TTTATATTTATA	20-TTTATATTTATA,BestGuess:PB0198.1_Zfp128_2/Jaspar(0.862)	8.206529	-14.184259	0	T:880.0(3.20%),B:9727.1(2.72%),P:1e-6
0.099	0.110	0.219	0.572
0.161	0.206	0.155	0.479
0.011	0.016	0.074	0.899
0.736	0.123	0.073	0.068
0.159	0.013	0.083	0.745
0.626	0.018	0.180	0.176
0.077	0.115	0.217	0.591
0.164	0.122	0.026	0.688
0.167	0.069	0.151	0.613
0.664	0.097	0.077	0.162
0.116	0.076	0.129	0.679
0.707	0.053	0.079	0.161
