>TTATATAAYWDB	2-TTATATAAYWDB,BestGuess:HLF/MA0043.2/Jaspar(0.902)	9.107759	-59.496201	0	T:515.0(1.87%),B:4058.1(1.13%),P:1e-25
0.033	0.045	0.021	0.901
0.055	0.055	0.091	0.799
0.912	0.056	0.031	0.001
0.056	0.310	0.001	0.633
0.642	0.005	0.345	0.008
0.055	0.067	0.072	0.806
0.907	0.001	0.064	0.028
0.787	0.030	0.071	0.112
0.014	0.432	0.172	0.382
0.391	0.232	0.015	0.362
0.285	0.148	0.217	0.350
0.034	0.326	0.345	0.295
