>AAAAAAAAAAAA	8-TTTTTTTTTTTT	7.789160	-29.066546	0	T:1796.0(6.54%),B:19747.2(5.51%),P:1e-12
0.478	0.190	0.087	0.245
0.529	0.259	0.186	0.026
0.710	0.064	0.171	0.055
0.786	0.079	0.073	0.062
0.661	0.025	0.206	0.108
0.655	0.085	0.093	0.167
0.601	0.091	0.146	0.162
0.617	0.096	0.151	0.136
0.444	0.140	0.222	0.194
0.493	0.166	0.198	0.143
0.504	0.158	0.143	0.195
0.459	0.179	0.161	0.202
