>CTCAGCTAACTG	6-CTCAGCTAACTG,BestGuess:PB0081.1_Tcf1_1/Jaspar(0.642)	8.321162	-32.229767	0	T:919.0(3.34%),B:9240.2(2.58%),P:1e-13
0.001	0.749	0.135	0.115
0.169	0.079	0.001	0.751
0.115	0.738	0.005	0.142
0.899	0.001	0.099	0.001
0.001	0.099	0.738	0.162
0.148	0.615	0.135	0.102
0.042	0.086	0.134	0.738
0.771	0.096	0.132	0.001
0.618	0.093	0.124	0.165
0.079	0.704	0.118	0.099
0.046	0.054	0.001	0.899
0.124	0.001	0.755	0.120
