>CAGTTAGCTGAG	6-CTCAGCTAACTG	8.321162	-32.229767	0	T:919.0(3.34%),B:9240.2(2.58%),P:1e-13
0.120	0.755	0.001	0.124
0.899	0.001	0.054	0.046
0.099	0.118	0.704	0.079
0.165	0.124	0.093	0.618
0.001	0.132	0.096	0.771
0.738	0.134	0.086	0.042
0.102	0.135	0.615	0.148
0.162	0.738	0.099	0.001
0.001	0.099	0.001	0.899
0.142	0.005	0.738	0.115
0.751	0.001	0.079	0.169
0.115	0.135	0.749	0.001
