>GCCTGGGTGACC	5-GCCTGGGTGACC,BestGuess:ESR2/MA0258.2/Jaspar(0.719)	6.822258	-35.355106	0	T:2093.0(7.62%),B:22913.3(6.40%),P:1e-15
0.081	0.086	0.743	0.090
0.094	0.729	0.095	0.082
0.083	0.767	0.065	0.085
0.091	0.079	0.063	0.767
0.077	0.083	0.758	0.082
0.085	0.074	0.762	0.079
0.090	0.093	0.711	0.106
0.084	0.061	0.077	0.778
0.077	0.079	0.768	0.076
0.743	0.087	0.088	0.082
0.076	0.750	0.085	0.089
0.096	0.727	0.082	0.095
