>TAAATACGSTMG	22-TAAATACGSTMG,BestGuess:PB0051.1_Osr2_1/Jaspar(0.607)	10.224521	-10.799810	0	T:4.0(0.01%),B:2.8(0.00%),P:1e-4
0.126	0.103	0.092	0.679
0.659	0.102	0.109	0.130
0.677	0.086	0.115	0.122
0.676	0.134	0.115	0.075
0.145	0.046	0.092	0.717
0.667	0.111	0.165	0.057
0.079	0.768	0.069	0.084
0.080	0.080	0.694	0.146
0.001	0.453	0.545	0.001
0.108	0.138	0.052	0.702
0.452	0.546	0.001	0.001
0.086	0.058	0.764	0.092
