>AGTCACGACATA	9-TATGTCGTGACT	8.826929	-24.028060	0	T:61.0(0.22%),B:300.9(0.08%),P:1e-10
0.697	0.078	0.005	0.220
0.104	0.231	0.592	0.073
0.215	0.096	0.069	0.620
0.176	0.750	0.070	0.004
0.583	0.147	0.001	0.269
0.063	0.935	0.001	0.001
0.204	0.003	0.715	0.078
0.546	0.088	0.116	0.250
0.117	0.740	0.069	0.074
0.656	0.107	0.073	0.164
0.122	0.090	0.223	0.565
0.581	0.227	0.104	0.088
