>CKASCGTATTTA	22-TAAATACGSTMG	10.224521	-10.799810	0	T:4.0(0.01%),B:2.8(0.00%),P:1e-4
0.092	0.764	0.058	0.086
0.001	0.001	0.546	0.452
0.702	0.052	0.138	0.108
0.001	0.545	0.453	0.001
0.146	0.694	0.080	0.080
0.084	0.069	0.768	0.079
0.057	0.165	0.111	0.667
0.717	0.092	0.046	0.145
0.075	0.115	0.134	0.676
0.122	0.115	0.086	0.677
0.130	0.109	0.102	0.659
0.679	0.092	0.103	0.126
