>TATCACTGTTCT	12-TATCACTGTTCT,BestGuess:AR-halfsite(NR)/LNCaP-AR-ChIP-Seq(GSE27824)/Homer(0.584)	9.703379	-21.483916	0	T:159.0(0.58%),B:1221.4(0.34%),P:1e-9
0.001	0.040	0.058	0.901
0.943	0.032	0.001	0.024
0.033	0.049	0.033	0.885
0.111	0.685	0.034	0.170
0.736	0.057	0.181	0.026
0.049	0.904	0.030	0.017
0.139	0.001	0.124	0.736
0.049	0.101	0.814	0.036
0.038	0.065	0.126	0.771
0.091	0.033	0.033	0.843
0.036	0.929	0.034	0.001
0.001	0.031	0.098	0.870
