>CCGGGCCSGGCC	23-CCGGGCCSGGCC	6.021424	-9.398908	0	T:5820.0(21.18%),B:72591.1(20.26%),P:1e-4
0.080	0.582	0.335	0.003
0.257	0.408	0.171	0.164
0.164	0.234	0.504	0.098
0.122	0.115	0.722	0.041
0.005	0.386	0.607	0.002
0.001	0.950	0.048	0.001
0.218	0.455	0.169	0.158
0.128	0.414	0.331	0.127
0.229	0.170	0.430	0.170
0.001	0.288	0.708	0.003
0.001	0.676	0.317	0.006
0.034	0.760	0.062	0.144
