>NTRTAGTCCTAG	4-NTRTAGTCCTAG,BestGuess:PB0198.1_Zfp128_2/Jaspar(0.556)	7.317795	-36.250731	0	T:1746.0(6.35%),B:18715.3(5.22%),P:1e-15
0.257	0.252	0.260	0.231
0.411	0.001	0.001	0.587
0.456	0.001	0.542	0.001
0.180	0.031	0.037	0.752
0.704	0.001	0.001	0.294
0.176	0.239	0.502	0.083
0.269	0.001	0.001	0.729
0.226	0.602	0.001	0.171
0.277	0.721	0.001	0.001
0.235	0.040	0.001	0.724
0.785	0.001	0.001	0.213
0.217	0.226	0.556	0.001
