>TGTCCAGCTGGG	14-TGTCCAGCTGGG	8.977759	-19.700624	0	T:629.0(2.29%),B:6452.3(1.80%),P:1e-8
0.056	0.061	0.058	0.825
0.058	0.070	0.761	0.111
0.049	0.076	0.051	0.824
0.092	0.796	0.060	0.052
0.063	0.855	0.048	0.034
0.834	0.060	0.038	0.068
0.042	0.038	0.876	0.044
0.058	0.856	0.032	0.054
0.044	0.039	0.080	0.837
0.031	0.038	0.871	0.060
0.052	0.053	0.832	0.063
0.063	0.051	0.835	0.051
