>TTTTTTTTTTTT	8-TTTTTTTTTTTT,BestGuess:PB0182.1_Srf_2/Jaspar(0.855)	7.789160	-29.066546	0	T:1796.0(6.54%),B:19747.2(5.51%),P:1e-12
0.202	0.161	0.179	0.459
0.195	0.143	0.158	0.504
0.143	0.198	0.166	0.493
0.194	0.222	0.140	0.444
0.136	0.151	0.096	0.617
0.162	0.146	0.091	0.601
0.167	0.093	0.085	0.655
0.108	0.206	0.025	0.661
0.062	0.073	0.079	0.786
0.055	0.171	0.064	0.710
0.026	0.186	0.259	0.529
0.245	0.087	0.190	0.478
