>TGCAGTGWGCCG	10-TGCAGTGWGCCG,BestGuess:PB0091.1_Zbtb3_1/Jaspar(0.707)	8.308014	-30.641659	0	T:880.0(3.14%),B:8669.9(2.42%),P:1e-13
0.132	0.145	0.123	0.600
0.078	0.294	0.488	0.139
0.031	0.756	0.050	0.163
0.726	0.052	0.068	0.154
0.070	0.344	0.517	0.069
0.181	0.092	0.069	0.658
0.037	0.091	0.844	0.028
0.514	0.040	0.075	0.371
0.049	0.142	0.768	0.041
0.084	0.530	0.125	0.261
0.124	0.447	0.240	0.190
0.148	0.082	0.613	0.157
