>AAGCGATTCGCC	16-AAGCGATTCGCC,BestGuess:NFKB1/MA0105.4/Jaspar(0.628)	9.684604	-22.546588	0	T:419.0(1.49%),B:3872.7(1.08%),P:1e-9
0.843	0.061	0.063	0.033
0.929	0.023	0.032	0.016
0.067	0.023	0.909	0.001
0.091	0.711	0.088	0.110
0.052	0.076	0.871	0.001
0.898	0.040	0.016	0.046
0.033	0.027	0.035	0.905
0.042	0.141	0.042	0.775
0.060	0.730	0.056	0.154
0.115	0.105	0.621	0.159
0.037	0.914	0.033	0.016
0.053	0.900	0.021	0.026
