>GGCGAATCGCTT	16-AAGCGATTCGCC	9.684604	-22.546588	0	T:419.0(1.49%),B:3872.7(1.08%),P:1e-9
0.026	0.021	0.900	0.053
0.016	0.033	0.914	0.037
0.159	0.621	0.105	0.115
0.154	0.056	0.730	0.060
0.775	0.042	0.141	0.042
0.905	0.035	0.027	0.033
0.046	0.016	0.040	0.898
0.001	0.871	0.076	0.052
0.110	0.088	0.711	0.091
0.001	0.909	0.023	0.067
0.016	0.032	0.023	0.929
0.033	0.063	0.061	0.843
