>AGAVNGAGWCTC	11-AGAVNGAGWCTC,BestGuess:PB0203.1_Zfp691_2/Jaspar(0.611)	7.005909	-30.523544	0	T:652.0(2.33%),B:6143.6(1.72%),P:1e-13
0.485	0.137	0.194	0.185
0.270	0.147	0.499	0.084
0.565	0.266	0.008	0.161
0.211	0.289	0.326	0.174
0.313	0.171	0.312	0.204
0.276	0.242	0.476	0.005
0.512	0.004	0.221	0.263
0.046	0.210	0.685	0.059
0.398	0.246	0.005	0.350
0.052	0.688	0.112	0.148
0.243	0.049	0.121	0.587
0.005	0.498	0.240	0.257
