>GGCCCCGCCCCC	22-GGCCCCGCCCCC	6.817872	-18.094668	0	T:1918.0(6.84%),B:21584.1(6.04%),P:1e-7
0.102	0.085	0.740	0.073
0.089	0.093	0.742	0.076
0.076	0.761	0.089	0.074
0.087	0.742	0.086	0.085
0.081	0.759	0.078	0.082
0.084	0.739	0.097	0.080
0.079	0.077	0.765	0.079
0.084	0.749	0.094	0.073
0.080	0.760	0.083	0.077
0.066	0.775	0.076	0.083
0.091	0.734	0.088	0.087
0.084	0.736	0.087	0.093
