>AAAGATGATTAG	7-CTAATCATCTTT	10.564656	-31.014477	0	T:57.0(0.20%),B:220.0(0.06%),P:1e-13
0.578	0.224	0.177	0.021
0.563	0.110	0.124	0.203
0.777	0.001	0.210	0.012
0.032	0.001	0.951	0.016
0.551	0.186	0.119	0.144
0.022	0.001	0.019	0.958
0.021	0.166	0.649	0.164
0.598	0.099	0.026	0.277
0.234	0.034	0.105	0.627
0.006	0.146	0.169	0.679
0.656	0.172	0.006	0.166
0.001	0.063	0.935	0.001
