>CGGCWCACTGCA	10-TGCAGTGWGCCG	8.308014	-30.641659	0	T:880.0(3.14%),B:8669.9(2.42%),P:1e-13
0.157	0.613	0.082	0.148
0.190	0.240	0.447	0.124
0.261	0.125	0.530	0.084
0.041	0.768	0.142	0.049
0.371	0.075	0.040	0.514
0.028	0.844	0.091	0.037
0.658	0.069	0.092	0.181
0.069	0.517	0.344	0.070
0.154	0.068	0.052	0.726
0.163	0.050	0.756	0.031
0.139	0.488	0.294	0.078
0.600	0.123	0.145	0.132
