>CGGTGGGTGGAG	18-CGGTGGGTGGAG	10.517278	-20.034058	0	T:76.0(0.27%),B:451.6(0.13%),P:1e-8
0.109	0.493	0.273	0.125
0.225	0.018	0.720	0.037
0.221	0.018	0.757	0.004
0.066	0.140	0.027	0.767
0.019	0.018	0.937	0.026
0.022	0.037	0.695	0.246
0.033	0.100	0.675	0.192
0.019	0.003	0.261	0.717
0.174	0.033	0.778	0.015
0.048	0.118	0.564	0.270
0.548	0.158	0.157	0.137
0.141	0.042	0.687	0.130
