>TATGTATTTCTT	12-AAGAAATACATA	9.164577	-29.947671	0	T:773.0(2.76%),B:7501.9(2.10%),P:1e-13
0.104	0.066	0.029	0.801
0.840	0.054	0.030	0.076
0.046	0.069	0.069	0.816
0.022	0.040	0.884	0.054
0.046	0.065	0.048	0.841
0.811	0.051	0.071	0.067
0.062	0.036	0.062	0.840
0.051	0.018	0.063	0.868
0.062	0.061	0.051	0.826
0.097	0.795	0.052	0.056
0.062	0.049	0.031	0.858
0.080	0.043	0.054	0.823
