>AAGAAATACATA	12-AAGAAATACATA,BestGuess:ONECUT2/MA0756.1/Jaspar(0.623)	9.164577	-29.947671	0	T:773.0(2.76%),B:7501.9(2.10%),P:1e-13
0.823	0.054	0.043	0.080
0.858	0.031	0.049	0.062
0.056	0.052	0.795	0.097
0.826	0.051	0.061	0.062
0.868	0.063	0.018	0.051
0.840	0.062	0.036	0.062
0.067	0.071	0.051	0.811
0.841	0.048	0.065	0.046
0.054	0.884	0.040	0.022
0.816	0.069	0.069	0.046
0.076	0.030	0.054	0.840
0.801	0.029	0.066	0.104
