>CATTGCACTCCA	2-CATTGCACTCCA,BestGuess:PB0091.1_Zbtb3_1/Jaspar(0.645)	8.920437	-51.421086	0	T:1103.0(3.94%),B:10363.3(2.90%),P:1e-22
0.047	0.941	0.001	0.011
0.879	0.018	0.033	0.070
0.045	0.114	0.162	0.679
0.183	0.103	0.046	0.668
0.001	0.083	0.915	0.001
0.015	0.736	0.076	0.173
0.627	0.043	0.001	0.329
0.011	0.843	0.135	0.011
0.076	0.028	0.001	0.895
0.257	0.616	0.085	0.042
0.035	0.835	0.093	0.037
0.727	0.141	0.001	0.131
