>NRTGAVTCAY	1-NRTGAVTCAY	6.671107	-72.975089	0	T:2938.0(10.71%),B:30928.2(8.64%),P:1e-31	Tpos:101.3,Tstd:45.8,Bpos:100.9,Bstd:48.7,StrandBias:0.0,Multiplicity:1.10
0.234	0.222	0.307	0.236
0.384	0.211	0.249	0.155
0.166	0.020	0.001	0.813
0.124	0.003	0.834	0.039
0.865	0.002	0.127	0.006
0.219	0.342	0.267	0.173
0.176	0.162	0.001	0.661
0.300	0.604	0.050	0.046
0.847	0.094	0.017	0.042
0.147	0.297	0.164	0.392
>GCCAYTGYAC	2-GCCAYTGYAC	8.334334	-35.563898	0	T:1500.0(5.47%),B:15856.6(4.43%),P:1e-15	Tpos:98.6,Tstd:53.0,Bpos:99.6,Bstd:56.1,StrandBias:-0.0,Multiplicity:1.03
0.189	0.001	0.809	0.001
0.001	0.997	0.001	0.001
0.087	0.590	0.001	0.322
0.473	0.266	0.231	0.030
0.001	0.547	0.035	0.417
0.001	0.237	0.153	0.609
0.001	0.001	0.997	0.001
0.001	0.527	0.001	0.471
0.462	0.173	0.310	0.055
0.001	0.997	0.001	0.001
>RGCTCCGCCC	3-RGCTCCGCCC	8.405358	-35.518384	0	T:1095.0(3.99%),B:11131.3(3.11%),P:1e-15	Tpos:101.2,Tstd:51.2,Bpos:100.7,Bstd:54.1,StrandBias:-0.1,Multiplicity:1.30
0.391	0.096	0.512	0.001
0.001	0.069	0.709	0.221
0.001	0.898	0.100	0.001
0.120	0.250	0.147	0.483
0.268	0.730	0.001	0.001
0.001	0.903	0.095	0.001
0.201	0.001	0.629	0.169
0.211	0.787	0.001	0.001
0.001	0.997	0.001	0.001
0.001	0.659	0.001	0.339
>TTTTTTTTTT	4-TTTTTTTTTT	11.071450	-33.789427	0	T:1026.0(3.74%),B:10411.6(2.91%),P:1e-14	Tpos:99.9,Tstd:64.3,Bpos:99.1,Bstd:64.1,StrandBias:0.1,Multiplicity:1.03
0.001	0.046	0.001	0.952
0.001	0.061	0.001	0.937
0.001	0.040	0.013	0.946
0.001	0.001	0.001	0.997
0.001	0.001	0.001	0.997
0.001	0.001	0.001	0.997
0.001	0.001	0.001	0.997
0.001	0.001	0.001	0.997
0.001	0.001	0.001	0.997
0.001	0.001	0.074	0.924
>TGTAATCCSA	5-TGTAATCCSA	7.507173	-32.658259	0	T:1959.0(7.14%),B:21492.5(6.01%),P:1e-14	Tpos:100.3,Tstd:55.7,Bpos:100.2,Bstd:57.1,StrandBias:-0.1,Multiplicity:1.06
0.127	0.001	0.016	0.856
0.190	0.138	0.590	0.082
0.173	0.239	0.010	0.578
0.587	0.025	0.345	0.043
0.594	0.020	0.128	0.258
0.001	0.119	0.001	0.879
0.011	0.663	0.001	0.325
0.022	0.870	0.107	0.001
0.130	0.369	0.295	0.206
0.864	0.001	0.125	0.010
>GTTATGTAAC	6-GTTATGTAAC	9.948947	-31.637794	0	T:251.0(0.92%),B:1949.4(0.54%),P:1e-13	Tpos:102.8,Tstd:48.4,Bpos:102.2,Bstd:50.7,StrandBias:-0.1,Multiplicity:1.02
0.142	0.132	0.701	0.025
0.010	0.001	0.008	0.981
0.001	0.001	0.001	0.997
0.903	0.055	0.022	0.020
0.001	0.011	0.016	0.972
0.024	0.001	0.974	0.001
0.037	0.052	0.028	0.883
0.981	0.017	0.001	0.001
0.976	0.010	0.013	0.001
0.085	0.684	0.031	0.200
>GGAGGAGGAG	7-GGAGGAGGAG	9.594125	-30.550430	0	T:1283.0(4.68%),B:13563.4(3.79%),P:1e-13	Tpos:100.8,Tstd:52.0,Bpos:100.4,Bstd:54.9,StrandBias:-0.2,Multiplicity:1.10
0.077	0.026	0.896	0.001
0.023	0.028	0.948	0.001
0.876	0.017	0.085	0.022
0.056	0.001	0.908	0.035
0.001	0.001	0.982	0.016
0.814	0.030	0.075	0.081
0.001	0.001	0.965	0.033
0.032	0.047	0.912	0.009
0.899	0.074	0.001	0.026
0.001	0.019	0.958	0.022
>GACTCGGTCT	8-GACTCGGTCT	8.801302	-29.520238	0	T:748.0(2.73%),B:7405.0(2.07%),P:1e-12	Tpos:96.9,Tstd:55.8,Bpos:100.5,Bstd:58.5,StrandBias:0.0,Multiplicity:1.02
0.001	0.107	0.776	0.116
0.690	0.277	0.001	0.032
0.001	0.997	0.001	0.001
0.058	0.036	0.001	0.905
0.001	0.997	0.001	0.001
0.079	0.297	0.528	0.096
0.153	0.001	0.845	0.001
0.020	0.001	0.308	0.671
0.020	0.883	0.096	0.001
0.001	0.001	0.001	0.997
>GYHCAWTGYA	9-GYHCAWTGYA	6.282714	-28.917855	0	T:940.0(3.43%),B:9635.6(2.69%),P:1e-12	Tpos:101.3,Tstd:50.9,Bpos:100.4,Bstd:51.0,StrandBias:0.1,Multiplicity:1.01
0.079	0.207	0.713	0.001
0.197	0.369	0.142	0.292
0.314	0.249	0.081	0.356
0.001	0.683	0.109	0.207
0.464	0.275	0.001	0.260
0.429	0.252	0.004	0.315
0.257	0.179	0.154	0.410
0.225	0.001	0.773	0.001
0.001	0.447	0.183	0.368
0.530	0.346	0.001	0.123
>CCACCCACAG	10-CCACCCACAG	6.928275	-27.622027	0	T:4463.0(16.27%),B:52771.6(14.75%),P:1e-11	Tpos:99.9,Tstd:53.3,Bpos:100.2,Bstd:56.7,StrandBias:-0.0,Multiplicity:1.13
0.070	0.786	0.073	0.071
0.087	0.831	0.028	0.054
0.735	0.052	0.102	0.111
0.068	0.775	0.081	0.076
0.099	0.796	0.060	0.045
0.072	0.837	0.050	0.041
0.795	0.097	0.040	0.068
0.066	0.816	0.071	0.047
0.838	0.085	0.025	0.052
0.083	0.077	0.793	0.047
>TTCTCCTGTC	11-TTCTCCTGTC	7.546355	-27.207342	0	T:1640.0(5.98%),B:18008.7(5.03%),P:1e-11	Tpos:101.0,Tstd:55.6,Bpos:99.3,Bstd:55.4,StrandBias:0.1,Multiplicity:1.03
0.045	0.098	0.070	0.787
0.037	0.039	0.032	0.892
0.047	0.823	0.032	0.098
0.041	0.071	0.027	0.861
0.086	0.736	0.106	0.072
0.090	0.709	0.074	0.127
0.080	0.058	0.087	0.775
0.086	0.081	0.747	0.086
0.041	0.030	0.067	0.862
0.051	0.813	0.089	0.047
>AGCGTTCTTT	12-AGCGTTCTTT	9.579580	-26.220201	0	T:202.0(0.74%),B:1562.6(0.44%),P:1e-11	Tpos:96.9,Tstd:59.7,Bpos:99.8,Bstd:54.9,StrandBias:0.0,Multiplicity:1.01
0.771	0.065	0.163	0.001
0.129	0.078	0.792	0.001
0.084	0.902	0.001	0.013
0.001	0.005	0.640	0.354
0.001	0.356	0.001	0.642
0.001	0.085	0.093	0.821
0.048	0.747	0.142	0.063
0.001	0.001	0.007	0.991
0.329	0.001	0.012	0.658
0.001	0.004	0.001	0.994
>CGATACTTAG	13-CGATACTTAG	10.167780	-26.189770	0	T:38.0(0.14%),B:126.5(0.04%),P:1e-11	Tpos:92.2,Tstd:54.3,Bpos:94.4,Bstd:50.6,StrandBias:-0.8,Multiplicity:1.00
0.001	0.997	0.001	0.001
0.072	0.001	0.926	0.001
0.941	0.001	0.057	0.001
0.001	0.001	0.001	0.997
0.997	0.001	0.001	0.001
0.001	0.782	0.216	0.001
0.131	0.172	0.001	0.696
0.001	0.001	0.001	0.997
0.896	0.001	0.001	0.102
0.001	0.237	0.761	0.001
>YCAVSCTGKD	14-YCAVSCTGKD	5.844763	-25.841098	0	T:1702.0(6.21%),B:18845.1(5.27%),P:1e-11	Tpos:100.1,Tstd:55.3,Bpos:100.0,Bstd:57.9,StrandBias:0.1,Multiplicity:1.04
0.190	0.372	0.172	0.267
0.025	0.598	0.334	0.043
0.955	0.012	0.012	0.021
0.264	0.236	0.368	0.133
0.182	0.308	0.343	0.168
0.247	0.454	0.037	0.261
0.074	0.271	0.043	0.612
0.147	0.190	0.510	0.153
0.044	0.229	0.415	0.312
0.409	0.032	0.266	0.294
>KYGCTCTGTC	15-KYGCTCTGTC	7.847513	-23.517994	0	T:1851.0(6.75%),B:20816.9(5.82%),P:1e-10	Tpos:100.8,Tstd:55.0,Bpos:99.5,Bstd:56.1,StrandBias:0.0,Multiplicity:1.05
0.001	0.225	0.316	0.458
0.001	0.481	0.075	0.443
0.022	0.039	0.548	0.391
0.001	0.690	0.001	0.308
0.001	0.001	0.001	0.997
0.001	0.652	0.027	0.320
0.251	0.001	0.166	0.582
0.357	0.006	0.636	0.001
0.001	0.001	0.001	0.997
0.001	0.557	0.193	0.249
>TCAAGATGAT	16-TCAAGATGAT	6.605960	-23.275557	0	T:372.0(1.36%),B:3420.2(0.96%),P:1e-10	Tpos:101.7,Tstd:56.2,Bpos:100.1,Bstd:55.7,StrandBias:0.1,Multiplicity:1.00
0.123	0.261	0.185	0.431
0.067	0.556	0.194	0.183
0.642	0.235	0.050	0.073
0.612	0.238	0.060	0.090
0.001	0.224	0.561	0.214
0.682	0.104	0.095	0.119
0.080	0.048	0.249	0.623
0.259	0.050	0.514	0.177
0.537	0.222	0.168	0.073
0.183	0.185	0.188	0.444
>AAGAGTTCTA	17-AAGAGTTCTA	7.061905	-22.123752	0	T:1364.0(4.97%),B:15023.8(4.20%),P:1e-9	Tpos:101.0,Tstd:57.0,Bpos:100.0,Bstd:55.4,StrandBias:0.1,Multiplicity:1.03
0.806	0.068	0.068	0.058
0.835	0.042	0.066	0.057
0.078	0.049	0.808	0.065
0.770	0.090	0.045	0.095
0.109	0.060	0.731	0.100
0.044	0.049	0.059	0.848
0.067	0.094	0.063	0.776
0.045	0.834	0.078	0.043
0.082	0.038	0.060	0.820
0.776	0.072	0.087	0.065
>ATCTTACAGA	18-ATCTTACAGA	9.511552	-19.475678	0	T:322.0(1.17%),B:2989.0(0.84%),P:1e-8	Tpos:98.3,Tstd:55.8,Bpos:99.6,Bstd:55.2,StrandBias:0.0,Multiplicity:1.02
0.948	0.050	0.001	0.001
0.001	0.023	0.080	0.896
0.001	0.806	0.027	0.166
0.001	0.063	0.001	0.935
0.001	0.035	0.001	0.963
0.898	0.038	0.001	0.063
0.031	0.943	0.025	0.001
0.876	0.001	0.007	0.116
0.001	0.066	0.829	0.104
0.899	0.066	0.034	0.001
>GACGCGCACC	19-GACGCGCACC	8.845845	-19.201265	0	T:128.0(0.47%),B:957.2(0.27%),P:1e-8	Tpos:101.2,Tstd:54.8,Bpos:101.2,Bstd:55.4,StrandBias:0.1,Multiplicity:1.03
0.001	0.090	0.908	0.001
0.862	0.052	0.076	0.010
0.001	0.885	0.095	0.019
0.001	0.023	0.975	0.001
0.001	0.898	0.019	0.082
0.128	0.100	0.693	0.079
0.001	0.997	0.001	0.001
0.854	0.026	0.093	0.027
0.001	0.923	0.043	0.033
0.001	0.997	0.001	0.001
>CTATTTAAAT	20-CTATTTAAAT	8.070420	-18.369567	0	T:567.0(2.07%),B:5801.5(1.62%),P:1e-7	Tpos:96.0,Tstd:57.3,Bpos:99.0,Bstd:55.1,StrandBias:-0.1,Multiplicity:1.02
0.087	0.816	0.017	0.080
0.103	0.227	0.055	0.615
0.949	0.030	0.015	0.006
0.147	0.020	0.154	0.679
0.037	0.027	0.062	0.874
0.081	0.234	0.083	0.602
0.707	0.039	0.130	0.124
0.664	0.151	0.034	0.151
0.602	0.188	0.136	0.074
0.104	0.115	0.186	0.595
>TGGCGCATGM	21-TGGCGCATGM	7.532464	-17.753357	0	T:95.0(0.35%),B:663.2(0.19%),P:1e-7	Tpos:106.3,Tstd:58.3,Bpos:100.7,Bstd:56.0,StrandBias:0.1,Multiplicity:1.00
0.001	0.001	0.001	0.997
0.280	0.001	0.718	0.001
0.001	0.001	0.997	0.001
0.001	0.997	0.001	0.001
0.001	0.001	0.997	0.001
0.001	0.997	0.001	0.001
0.997	0.001	0.001	0.001
0.001	0.001	0.007	0.991
0.001	0.001	0.930	0.068
0.460	0.388	0.151	0.001
>GTTCGCTCAT	22-GTTCGCTCAT	9.496547	-17.277157	0	T:62.0(0.23%),B:370.2(0.10%),P:1e-7	Tpos:89.9,Tstd:56.4,Bpos:96.5,Bstd:56.3,StrandBias:0.1,Multiplicity:1.00
0.176	0.022	0.646	0.156
0.002	0.001	0.163	0.834
0.006	0.044	0.009	0.941
0.001	0.987	0.011	0.001
0.015	0.021	0.942	0.022
0.029	0.927	0.029	0.015
0.001	0.001	0.261	0.737
0.015	0.932	0.001	0.052
0.668	0.001	0.106	0.225
0.024	0.013	0.001	0.962
>GTCAGCCAAG	23-GTCAGCCAAG	11.416521	-9.892218	0	T:53.0(0.19%),B:382.7(0.11%),P:1e-4	Tpos:86.4,Tstd:52.5,Bpos:96.5,Bstd:52.9,StrandBias:0.5,Multiplicity:1.00
0.001	0.001	0.997	0.001
0.001	0.103	0.001	0.895
0.001	0.997	0.001	0.001
0.607	0.001	0.391	0.001
0.001	0.167	0.831	0.001
0.001	0.972	0.001	0.026
0.001	0.997	0.001	0.001
0.666	0.001	0.332	0.001
0.934	0.064	0.001	0.001
0.001	0.001	0.997	0.001
>CCGAACCCTA	24-CCGAACCCTA	10.610118	-8.300207	0	T:35.0(0.13%),B:235.5(0.07%),P:1e-3	Tpos:105.3,Tstd:59.1,Bpos:96.5,Bstd:51.5,StrandBias:0.5,Multiplicity:2.83
0.001	0.702	0.001	0.296
0.155	0.843	0.001	0.001
0.001	0.001	0.603	0.395
0.997	0.001	0.001	0.001
0.997	0.001	0.001	0.001
0.001	0.691	0.307	0.001
0.001	0.997	0.001	0.001
0.001	0.820	0.178	0.001
0.001	0.178	0.156	0.665
0.997	0.001	0.001	0.001
>ATATATATAT	25-ATATATATAT	13.744883	-3.924468	0	T:62.0(0.23%),B:612.1(0.17%),P:1e-1	Tpos:106.0,Tstd:57.7,Bpos:104.9,Bstd:56.5,StrandBias:0.0,Multiplicity:1.13
0.997	0.001	0.001	0.001
0.001	0.001	0.001	0.997
0.997	0.001	0.001	0.001
0.001	0.001	0.001	0.997
0.997	0.001	0.001	0.001
0.001	0.001	0.085	0.913
0.997	0.001	0.001	0.001
0.001	0.001	0.001	0.997
0.997	0.001	0.001	0.001
0.001	0.001	0.001	0.997
