>NRTGAVTCAY	1-NRTGAVTCAY	6.671107	-72.975089	0	T:2938.0(10.71%),B:30928.2(8.64%),P:1e-31	Tpos:101.3,Tstd:45.8,Bpos:100.9,Bstd:48.7,StrandBias:0.0,Multiplicity:1.10
0.234	0.222	0.307	0.236
0.384	0.211	0.249	0.155
0.166	0.020	0.001	0.813
0.124	0.003	0.834	0.039
0.865	0.002	0.127	0.006
0.219	0.342	0.267	0.173
0.176	0.162	0.001	0.661
0.300	0.604	0.050	0.046
0.847	0.094	0.017	0.042
0.147	0.297	0.164	0.392
>GCCAYTGYAC	2-GCCAYTGYAC	8.334334	-35.563898	0	T:1500.0(5.47%),B:15856.6(4.43%),P:1e-15	Tpos:98.6,Tstd:53.0,Bpos:99.6,Bstd:56.1,StrandBias:-0.0,Multiplicity:1.03
0.189	0.001	0.809	0.001
0.001	0.997	0.001	0.001
0.087	0.590	0.001	0.322
0.473	0.266	0.231	0.030
0.001	0.547	0.035	0.417
0.001	0.237	0.153	0.609
0.001	0.001	0.997	0.001
0.001	0.527	0.001	0.471
0.462	0.173	0.310	0.055
0.001	0.997	0.001	0.001
>RGCTCCGCCC	3-RGCTCCGCCC	8.405358	-35.518384	0	T:1095.0(3.99%),B:11131.3(3.11%),P:1e-15	Tpos:101.2,Tstd:51.2,Bpos:100.7,Bstd:54.1,StrandBias:-0.1,Multiplicity:1.30
0.391	0.096	0.512	0.001
0.001	0.069	0.709	0.221
0.001	0.898	0.100	0.001
0.120	0.250	0.147	0.483
0.268	0.730	0.001	0.001
0.001	0.903	0.095	0.001
0.201	0.001	0.629	0.169
0.211	0.787	0.001	0.001
0.001	0.997	0.001	0.001
0.001	0.659	0.001	0.339
>TTTTTTTTTT	4-TTTTTTTTTT	11.071450	-33.789427	0	T:1026.0(3.74%),B:10411.6(2.91%),P:1e-14	Tpos:99.9,Tstd:64.3,Bpos:99.1,Bstd:64.1,StrandBias:0.1,Multiplicity:1.03
0.001	0.046	0.001	0.952
0.001	0.061	0.001	0.937
0.001	0.040	0.013	0.946
0.001	0.001	0.001	0.997
0.001	0.001	0.001	0.997
0.001	0.001	0.001	0.997
0.001	0.001	0.001	0.997
0.001	0.001	0.001	0.997
0.001	0.001	0.001	0.997
0.001	0.001	0.074	0.924
>TGTAATCCSA	5-TGTAATCCSA	7.507173	-32.658259	0	T:1959.0(7.14%),B:21492.5(6.01%),P:1e-14	Tpos:100.3,Tstd:55.7,Bpos:100.2,Bstd:57.1,StrandBias:-0.1,Multiplicity:1.06
0.127	0.001	0.016	0.856
0.190	0.138	0.590	0.082
0.173	0.239	0.010	0.578
0.587	0.025	0.345	0.043
0.594	0.020	0.128	0.258
0.001	0.119	0.001	0.879
0.011	0.663	0.001	0.325
0.022	0.870	0.107	0.001
0.130	0.369	0.295	0.206
0.864	0.001	0.125	0.010
>GTTATGTAAC	6-GTTATGTAAC	9.948947	-31.637794	0	T:251.0(0.92%),B:1949.4(0.54%),P:1e-13	Tpos:102.8,Tstd:48.4,Bpos:102.2,Bstd:50.7,StrandBias:-0.1,Multiplicity:1.02
0.142	0.132	0.701	0.025
0.010	0.001	0.008	0.981
0.001	0.001	0.001	0.997
0.903	0.055	0.022	0.020
0.001	0.011	0.016	0.972
0.024	0.001	0.974	0.001
0.037	0.052	0.028	0.883
0.981	0.017	0.001	0.001
0.976	0.010	0.013	0.001
0.085	0.684	0.031	0.200
>GGAGGAGGAG	7-GGAGGAGGAG	9.594125	-30.550430	0	T:1283.0(4.68%),B:13563.4(3.79%),P:1e-13	Tpos:100.8,Tstd:52.0,Bpos:100.4,Bstd:54.9,StrandBias:-0.2,Multiplicity:1.10
0.077	0.026	0.896	0.001
0.023	0.028	0.948	0.001
0.876	0.017	0.085	0.022
0.056	0.001	0.908	0.035
0.001	0.001	0.982	0.016
0.814	0.030	0.075	0.081
0.001	0.001	0.965	0.033
0.032	0.047	0.912	0.009
0.899	0.074	0.001	0.026
0.001	0.019	0.958	0.022
>GACTCGGTCT	8-GACTCGGTCT	8.801302	-29.520238	0	T:748.0(2.73%),B:7405.0(2.07%),P:1e-12	Tpos:96.9,Tstd:55.8,Bpos:100.5,Bstd:58.5,StrandBias:0.0,Multiplicity:1.02
0.001	0.107	0.776	0.116
0.690	0.277	0.001	0.032
0.001	0.997	0.001	0.001
0.058	0.036	0.001	0.905
0.001	0.997	0.001	0.001
0.079	0.297	0.528	0.096
0.153	0.001	0.845	0.001
0.020	0.001	0.308	0.671
0.020	0.883	0.096	0.001
0.001	0.001	0.001	0.997
>GYHCAWTGYA	9-GYHCAWTGYA	6.282714	-28.917855	0	T:940.0(3.43%),B:9635.6(2.69%),P:1e-12	Tpos:101.3,Tstd:50.9,Bpos:100.4,Bstd:51.0,StrandBias:0.1,Multiplicity:1.01
0.079	0.207	0.713	0.001
0.197	0.369	0.142	0.292
0.314	0.249	0.081	0.356
0.001	0.683	0.109	0.207
0.464	0.275	0.001	0.260
0.429	0.252	0.004	0.315
0.257	0.179	0.154	0.410
0.225	0.001	0.773	0.001
0.001	0.447	0.183	0.368
0.530	0.346	0.001	0.123
>CCACCCACAG	10-CCACCCACAG	6.928275	-27.622027	0	T:4463.0(16.27%),B:52771.6(14.75%),P:1e-11	Tpos:99.9,Tstd:53.3,Bpos:100.2,Bstd:56.7,StrandBias:-0.0,Multiplicity:1.13
0.070	0.786	0.073	0.071
0.087	0.831	0.028	0.054
0.735	0.052	0.102	0.111
0.068	0.775	0.081	0.076
0.099	0.796	0.060	0.045
0.072	0.837	0.050	0.041
0.795	0.097	0.040	0.068
0.066	0.816	0.071	0.047
0.838	0.085	0.025	0.052
0.083	0.077	0.793	0.047
>TTCTCCTGTC	11-TTCTCCTGTC	7.546355	-27.207342	0	T:1640.0(5.98%),B:18008.7(5.03%),P:1e-11	Tpos:101.0,Tstd:55.6,Bpos:99.3,Bstd:55.4,StrandBias:0.1,Multiplicity:1.03
0.045	0.098	0.070	0.787
0.037	0.039	0.032	0.892
0.047	0.823	0.032	0.098
0.041	0.071	0.027	0.861
0.086	0.736	0.106	0.072
0.090	0.709	0.074	0.127
0.080	0.058	0.087	0.775
0.086	0.081	0.747	0.086
0.041	0.030	0.067	0.862
0.051	0.813	0.089	0.047
>AGCGTTCTTT	12-AGCGTTCTTT	9.579580	-26.220201	0	T:202.0(0.74%),B:1562.6(0.44%),P:1e-11	Tpos:96.9,Tstd:59.7,Bpos:99.8,Bstd:54.9,StrandBias:0.0,Multiplicity:1.01
0.771	0.065	0.163	0.001
0.129	0.078	0.792	0.001
0.084	0.902	0.001	0.013
0.001	0.005	0.640	0.354
0.001	0.356	0.001	0.642
0.001	0.085	0.093	0.821
0.048	0.747	0.142	0.063
0.001	0.001	0.007	0.991
0.329	0.001	0.012	0.658
0.001	0.004	0.001	0.994
>CGATACTTAG	13-CGATACTTAG	10.167780	-26.189770	0	T:38.0(0.14%),B:126.5(0.04%),P:1e-11	Tpos:92.2,Tstd:54.3,Bpos:94.4,Bstd:50.6,StrandBias:-0.8,Multiplicity:1.00
0.001	0.997	0.001	0.001
0.072	0.001	0.926	0.001
0.941	0.001	0.057	0.001
0.001	0.001	0.001	0.997
0.997	0.001	0.001	0.001
0.001	0.782	0.216	0.001
0.131	0.172	0.001	0.696
0.001	0.001	0.001	0.997
0.896	0.001	0.001	0.102
0.001	0.237	0.761	0.001
>YCAVSCTGKD	14-YCAVSCTGKD	5.844763	-25.841098	0	T:1702.0(6.21%),B:18845.1(5.27%),P:1e-11	Tpos:100.1,Tstd:55.3,Bpos:100.0,Bstd:57.9,StrandBias:0.1,Multiplicity:1.04
0.190	0.372	0.172	0.267
0.025	0.598	0.334	0.043
0.955	0.012	0.012	0.021
0.264	0.236	0.368	0.133
0.182	0.308	0.343	0.168
0.247	0.454	0.037	0.261
0.074	0.271	0.043	0.612
0.147	0.190	0.510	0.153
0.044	0.229	0.415	0.312
0.409	0.032	0.266	0.294
>KYGCTCTGTC	15-KYGCTCTGTC	7.847513	-23.517994	0	T:1851.0(6.75%),B:20816.9(5.82%),P:1e-10	Tpos:100.8,Tstd:55.0,Bpos:99.5,Bstd:56.1,StrandBias:0.0,Multiplicity:1.05
0.001	0.225	0.316	0.458
0.001	0.481	0.075	0.443
0.022	0.039	0.548	0.391
0.001	0.690	0.001	0.308
0.001	0.001	0.001	0.997
0.001	0.652	0.027	0.320
0.251	0.001	0.166	0.582
0.357	0.006	0.636	0.001
0.001	0.001	0.001	0.997
0.001	0.557	0.193	0.249
>TCAAGATGAT	16-TCAAGATGAT	6.605960	-23.275557	0	T:372.0(1.36%),B:3420.2(0.96%),P:1e-10	Tpos:101.7,Tstd:56.2,Bpos:100.1,Bstd:55.7,StrandBias:0.1,Multiplicity:1.00
0.123	0.261	0.185	0.431
0.067	0.556	0.194	0.183
0.642	0.235	0.050	0.073
0.612	0.238	0.060	0.090
0.001	0.224	0.561	0.214
0.682	0.104	0.095	0.119
0.080	0.048	0.249	0.623
0.259	0.050	0.514	0.177
0.537	0.222	0.168	0.073
0.183	0.185	0.188	0.444
>AAGAGTTCTA	17-AAGAGTTCTA	7.061905	-22.123752	0	T:1364.0(4.97%),B:15023.8(4.20%),P:1e-9	Tpos:101.0,Tstd:57.0,Bpos:100.0,Bstd:55.4,StrandBias:0.1,Multiplicity:1.03
0.806	0.068	0.068	0.058
0.835	0.042	0.066	0.057
0.078	0.049	0.808	0.065
0.770	0.090	0.045	0.095
0.109	0.060	0.731	0.100
0.044	0.049	0.059	0.848
0.067	0.094	0.063	0.776
0.045	0.834	0.078	0.043
0.082	0.038	0.060	0.820
0.776	0.072	0.087	0.065
>ATCTTACAGA	18-ATCTTACAGA	9.511552	-19.475678	0	T:322.0(1.17%),B:2989.0(0.84%),P:1e-8	Tpos:98.3,Tstd:55.8,Bpos:99.6,Bstd:55.2,StrandBias:0.0,Multiplicity:1.02
0.948	0.050	0.001	0.001
0.001	0.023	0.080	0.896
0.001	0.806	0.027	0.166
0.001	0.063	0.001	0.935
0.001	0.035	0.001	0.963
0.898	0.038	0.001	0.063
0.031	0.943	0.025	0.001
0.876	0.001	0.007	0.116
0.001	0.066	0.829	0.104
0.899	0.066	0.034	0.001
>GACGCGCACC	19-GACGCGCACC	8.845845	-19.201265	0	T:128.0(0.47%),B:957.2(0.27%),P:1e-8	Tpos:101.2,Tstd:54.8,Bpos:101.2,Bstd:55.4,StrandBias:0.1,Multiplicity:1.03
0.001	0.090	0.908	0.001
0.862	0.052	0.076	0.010
0.001	0.885	0.095	0.019
0.001	0.023	0.975	0.001
0.001	0.898	0.019	0.082
0.128	0.100	0.693	0.079
0.001	0.997	0.001	0.001
0.854	0.026	0.093	0.027
0.001	0.923	0.043	0.033
0.001	0.997	0.001	0.001
>CTATTTAAAT	20-CTATTTAAAT	8.070420	-18.369567	0	T:567.0(2.07%),B:5801.5(1.62%),P:1e-7	Tpos:96.0,Tstd:57.3,Bpos:99.0,Bstd:55.1,StrandBias:-0.1,Multiplicity:1.02
0.087	0.816	0.017	0.080
0.103	0.227	0.055	0.615
0.949	0.030	0.015	0.006
0.147	0.020	0.154	0.679
0.037	0.027	0.062	0.874
0.081	0.234	0.083	0.602
0.707	0.039	0.130	0.124
0.664	0.151	0.034	0.151
0.602	0.188	0.136	0.074
0.104	0.115	0.186	0.595
>TGGCGCATGM	21-TGGCGCATGM	7.532464	-17.753357	0	T:95.0(0.35%),B:663.2(0.19%),P:1e-7	Tpos:106.3,Tstd:58.3,Bpos:100.7,Bstd:56.0,StrandBias:0.1,Multiplicity:1.00
0.001	0.001	0.001	0.997
0.280	0.001	0.718	0.001
0.001	0.001	0.997	0.001
0.001	0.997	0.001	0.001
0.001	0.001	0.997	0.001
0.001	0.997	0.001	0.001
0.997	0.001	0.001	0.001
0.001	0.001	0.007	0.991
0.001	0.001	0.930	0.068
0.460	0.388	0.151	0.001
>GTTCGCTCAT	22-GTTCGCTCAT	9.496547	-17.277157	0	T:62.0(0.23%),B:370.2(0.10%),P:1e-7	Tpos:89.9,Tstd:56.4,Bpos:96.5,Bstd:56.3,StrandBias:0.1,Multiplicity:1.00
0.176	0.022	0.646	0.156
0.002	0.001	0.163	0.834
0.006	0.044	0.009	0.941
0.001	0.987	0.011	0.001
0.015	0.021	0.942	0.022
0.029	0.927	0.029	0.015
0.001	0.001	0.261	0.737
0.015	0.932	0.001	0.052
0.668	0.001	0.106	0.225
0.024	0.013	0.001	0.962
>GTCAGCCAAG	23-GTCAGCCAAG	11.416521	-9.892218	0	T:53.0(0.19%),B:382.7(0.11%),P:1e-4	Tpos:86.4,Tstd:52.5,Bpos:96.5,Bstd:52.9,StrandBias:0.5,Multiplicity:1.00
0.001	0.001	0.997	0.001
0.001	0.103	0.001	0.895
0.001	0.997	0.001	0.001
0.607	0.001	0.391	0.001
0.001	0.167	0.831	0.001
0.001	0.972	0.001	0.026
0.001	0.997	0.001	0.001
0.666	0.001	0.332	0.001
0.934	0.064	0.001	0.001
0.001	0.001	0.997	0.001
>CCGAACCCTA	24-CCGAACCCTA	10.610118	-8.300207	0	T:35.0(0.13%),B:235.5(0.07%),P:1e-3	Tpos:105.3,Tstd:59.1,Bpos:96.5,Bstd:51.5,StrandBias:0.5,Multiplicity:2.83
0.001	0.702	0.001	0.296
0.155	0.843	0.001	0.001
0.001	0.001	0.603	0.395
0.997	0.001	0.001	0.001
0.997	0.001	0.001	0.001
0.001	0.691	0.307	0.001
0.001	0.997	0.001	0.001
0.001	0.820	0.178	0.001
0.001	0.178	0.156	0.665
0.997	0.001	0.001	0.001
>ATATATATAT	25-ATATATATAT	13.744883	-3.924468	0	T:62.0(0.23%),B:612.1(0.17%),P:1e-1	Tpos:106.0,Tstd:57.7,Bpos:104.9,Bstd:56.5,StrandBias:0.0,Multiplicity:1.13
0.997	0.001	0.001	0.001
0.001	0.001	0.001	0.997
0.997	0.001	0.001	0.001
0.001	0.001	0.001	0.997
0.997	0.001	0.001	0.001
0.001	0.001	0.085	0.913
0.997	0.001	0.001	0.001
0.001	0.001	0.001	0.997
0.997	0.001	0.001	0.001
0.001	0.001	0.001	0.997
>DNDATGANTCAT	1-DNDATGANTCAT	7.756062	-58.789225	0	T:2433.0(8.87%),B:25668.3(7.17%),P:1e-25	Tpos:101.0,Tstd:46.4,Bpos:100.9,Bstd:48.5,StrandBias:-0.0,Multiplicity:1.08
0.263	0.127	0.274	0.335
0.320	0.195	0.309	0.177
0.372	0.082	0.233	0.313
0.500	0.161	0.214	0.126
0.017	0.001	0.002	0.980
0.028	0.181	0.753	0.038
0.997	0.001	0.001	0.001
0.235	0.246	0.316	0.202
0.021	0.001	0.024	0.954
0.188	0.745	0.043	0.024
0.975	0.018	0.001	0.006
0.052	0.295	0.075	0.578
>TGTAATCCTAGC	2-TGTAATCCTAGC	6.695606	-40.321090	0	T:3356.0(12.24%),B:37925.0(10.60%),P:1e-17	Tpos:99.7,Tstd:54.7,Bpos:99.8,Bstd:55.3,StrandBias:-0.1,Multiplicity:1.09
0.094	0.052	0.080	0.774
0.083	0.082	0.733	0.102
0.081	0.098	0.073	0.748
0.733	0.080	0.086	0.101
0.735	0.088	0.095	0.082
0.086	0.073	0.084	0.757
0.093	0.724	0.096	0.087
0.093	0.780	0.050	0.077
0.092	0.103	0.059	0.746
0.772	0.052	0.095	0.081
0.081	0.086	0.750	0.083
0.084	0.751	0.085	0.080
>ACTCCAGCTTGG	3-ACTCCAGCTTGG	8.820482	-39.666145	0	T:1026.0(3.74%),B:10167.2(2.84%),P:1e-17	Tpos:99.4,Tstd:53.8,Bpos:100.2,Bstd:56.0,StrandBias:-0.1,Multiplicity:1.01
0.726	0.095	0.125	0.054
0.029	0.793	0.083	0.095
0.130	0.022	0.075	0.773
0.126	0.732	0.059	0.083
0.119	0.705	0.070	0.106
0.719	0.080	0.085	0.116
0.111	0.018	0.853	0.018
0.092	0.737	0.112	0.059
0.048	0.079	0.118	0.755
0.101	0.086	0.140	0.673
0.018	0.104	0.816	0.062
0.085	0.101	0.717	0.097
>TTTTTTTTTTTT	4-TTTTTTTTTTTT	11.229335	-36.846492	0	T:911.0(3.32%),B:8970.9(2.51%),P:1e-16	Tpos:100.4,Tstd:63.6,Bpos:99.1,Bstd:63.8,StrandBias:0.1,Multiplicity:1.05
0.041	0.155	0.234	0.570
0.004	0.175	0.064	0.757
0.018	0.114	0.129	0.739
0.001	0.152	0.088	0.759
0.001	0.224	0.085	0.690
0.001	0.214	0.063	0.722
0.001	0.001	0.022	0.976
0.040	0.033	0.089	0.838
0.008	0.001	0.195	0.796
0.093	0.107	0.046	0.754
0.068	0.001	0.385	0.546
0.224	0.128	0.081	0.567
>CATTACATAACT	5-CATTACATAACT	9.882050	-33.233468	0	T:78.0(0.28%),B:361.3(0.10%),P:1e-14	Tpos:96.5,Tstd:52.2,Bpos:105.1,Bstd:53.2,StrandBias:0.1,Multiplicity:1.00
0.271	0.436	0.101	0.192
0.568	0.134	0.001	0.297
0.001	0.007	0.384	0.608
0.001	0.069	0.255	0.675
0.820	0.001	0.178	0.001
0.001	0.653	0.248	0.098
0.617	0.381	0.001	0.001
0.003	0.011	0.001	0.985
0.573	0.008	0.162	0.257
0.734	0.001	0.258	0.007
0.197	0.606	0.001	0.196
0.001	0.388	0.040	0.571
>CCTCCTCCGCCT	6-CCTCCTCCGCCT	7.235945	-31.122979	0	T:4718.0(17.20%),B:55603.5(15.54%),P:1e-13	Tpos:100.0,Tstd:52.2,Bpos:100.4,Bstd:55.4,StrandBias:0.0,Multiplicity:1.25
0.024	0.805	0.089	0.082
0.088	0.738	0.063	0.111
0.109	0.133	0.130	0.628
0.016	0.802	0.117	0.065
0.047	0.820	0.022	0.111
0.066	0.128	0.074	0.732
0.018	0.933	0.034	0.015
0.082	0.709	0.085	0.124
0.098	0.146	0.615	0.141
0.057	0.798	0.044	0.101
0.094	0.745	0.068	0.093
0.116	0.126	0.083	0.675
>ATCTTACTWCCC	7-ATCTTACTWCCC	12.605544	-29.357224	0	T:18.0(0.07%),B:21.9(0.01%),P:1e-12	Tpos:88.6,Tstd:47.1,Bpos:94.7,Bstd:54.2,StrandBias:-0.3,Multiplicity:1.00
0.886	0.001	0.001	0.112
0.001	0.198	0.064	0.737
0.093	0.905	0.001	0.001
0.064	0.001	0.064	0.871
0.064	0.001	0.001	0.934
0.997	0.001	0.001	0.001
0.001	0.997	0.001	0.001
0.065	0.187	0.194	0.554
0.364	0.065	0.065	0.506
0.064	0.871	0.001	0.064
0.064	0.871	0.064	0.001
0.093	0.905	0.001	0.001
>CCGGGCGTGGTG	8-CCGGGCGTGGTG	8.028976	-27.779460	0	T:929.0(3.39%),B:9560.6(2.67%),P:1e-12	Tpos:101.5,Tstd:57.0,Bpos:99.5,Bstd:58.6,StrandBias:-0.1,Multiplicity:1.03
0.176	0.608	0.089	0.127
0.158	0.576	0.125	0.141
0.211	0.029	0.602	0.158
0.136	0.124	0.665	0.075
0.020	0.185	0.712	0.083
0.170	0.636	0.061	0.133
0.156	0.028	0.646	0.170
0.113	0.173	0.109	0.605
0.089	0.086	0.798	0.027
0.031	0.135	0.719	0.115
0.087	0.020	0.218	0.675
0.041	0.082	0.758	0.119
>AGATCGAGACTC	9-AGATCGAGACTC	8.285505	-27.484231	0	T:695.0(2.53%),B:6883.3(1.92%),P:1e-11	Tpos:99.1,Tstd:56.0,Bpos:101.2,Bstd:57.7,StrandBias:-0.1,Multiplicity:1.01
0.882	0.010	0.046	0.062
0.066	0.058	0.841	0.035
0.835	0.066	0.044	0.055
0.096	0.053	0.141	0.710
0.062	0.753	0.080	0.105
0.092	0.050	0.769	0.089
0.911	0.034	0.035	0.020
0.025	0.049	0.888	0.038
0.793	0.067	0.087	0.053
0.071	0.883	0.040	0.006
0.051	0.038	0.034	0.877
0.030	0.861	0.038	0.071
>TGTGGCTTCCAC	10-TGTGGCTTCCAC	8.742278	-27.438757	0	T:93.0(0.34%),B:529.3(0.15%),P:1e-11	Tpos:97.1,Tstd:52.7,Bpos:100.4,Bstd:55.2,StrandBias:-0.0,Multiplicity:1.02
0.230	0.009	0.227	0.534
0.009	0.265	0.721	0.005
0.026	0.231	0.182	0.561
0.184	0.004	0.522	0.290
0.002	0.093	0.679	0.226
0.203	0.447	0.126	0.224
0.156	0.144	0.264	0.435
0.035	0.206	0.249	0.510
0.004	0.694	0.216	0.086
0.042	0.602	0.190	0.166
0.663	0.278	0.054	0.005
0.249	0.688	0.007	0.056
>TGATGATGCGCG	11-TGATGATGCGCG	13.349903	-26.471807	0	T:11.0(0.04%),B:6.2(0.00%),P:1e-11	Tpos:113.1,Tstd:63.1,Bpos:62.6,Bstd:14.6,StrandBias:-0.7,Multiplicity:1.18
0.001	0.001	0.001	0.997
0.001	0.001	0.997	0.001
0.784	0.001	0.001	0.214
0.001	0.094	0.001	0.904
0.001	0.001	0.997	0.001
0.997	0.001	0.001	0.001
0.001	0.001	0.001	0.997
0.001	0.001	0.997	0.001
0.071	0.739	0.095	0.095
0.095	0.048	0.856	0.001
0.001	0.904	0.094	0.001
0.094	0.001	0.904	0.001
>CGCGATCACGGC	12-CGCGATCACGGC	7.737165	-24.983810	0	T:273.0(1.00%),B:2314.6(0.65%),P:1e-10	Tpos:98.4,Tstd:48.9,Bpos:100.1,Bstd:52.4,StrandBias:0.2,Multiplicity:1.01
0.141	0.567	0.129	0.163
0.194	0.115	0.552	0.139
0.194	0.464	0.157	0.185
0.206	0.073	0.610	0.111
0.536	0.186	0.206	0.072
0.144	0.135	0.218	0.503
0.032	0.801	0.128	0.039
0.458	0.177	0.136	0.229
0.169	0.589	0.136	0.106
0.185	0.118	0.618	0.079
0.004	0.168	0.773	0.055
0.071	0.801	0.082	0.046
>GCGCAAAGAGAG	13-GCGCAAAGAGAG	12.843795	-24.846137	0	T:11.0(0.04%),B:7.1(0.00%),P:1e-10	Tpos:88.5,Tstd:57.7,Bpos:101.0,Bstd:45.9,StrandBias:0.8,Multiplicity:1.00
0.001	0.001	0.997	0.001
0.001	0.997	0.001	0.001
0.001	0.001	0.997	0.001
0.295	0.703	0.001	0.001
0.900	0.098	0.001	0.001
0.703	0.001	0.001	0.295
0.997	0.001	0.001	0.001
0.001	0.001	0.997	0.001
0.997	0.001	0.001	0.001
0.001	0.001	0.997	0.001
0.997	0.001	0.001	0.001
0.001	0.295	0.703	0.001
>MAGGCCCCGCCC	14-MAGGCCCCGCCC	8.865356	-24.423505	0	T:747.0(2.72%),B:7607.7(2.13%),P:1e-10	Tpos:98.1,Tstd:51.1,Bpos:99.7,Bstd:55.5,StrandBias:0.1,Multiplicity:1.27
0.397	0.434	0.115	0.054
0.573	0.234	0.021	0.172
0.335	0.091	0.526	0.048
0.001	0.031	0.967	0.001
0.138	0.726	0.135	0.001
0.073	0.844	0.045	0.038
0.093	0.801	0.020	0.086
0.039	0.910	0.042	0.009
0.177	0.001	0.680	0.142
0.085	0.857	0.010	0.048
0.023	0.832	0.007	0.138
0.123	0.682	0.153	0.042
>GTATATGGTATC	15-GTATATGGTATC	16.321964	-22.057880	0	T:6.0(0.02%),B:0.0(0.00%),P:1e-9	Tpos:93.5,Tstd:54.5,Bpos:0.0,Bstd:0.0,StrandBias:2.3,Multiplicity:1.00
0.001	0.001	0.997	0.001
0.001	0.001	0.001	0.997
0.891	0.001	0.001	0.107
0.001	0.001	0.001	0.997
0.997	0.001	0.001	0.001
0.001	0.001	0.001	0.997
0.001	0.001	0.918	0.080
0.001	0.080	0.918	0.001
0.001	0.001	0.001	0.997
0.997	0.001	0.001	0.001
0.001	0.001	0.001	0.997
0.001	0.997	0.001	0.001
>ACCCTAGGGAGA	16-ACCCTAGGGAGA	13.835813	-21.789024	0	T:7.0(0.03%),B:2.1(0.00%),P:1e-9	Tpos:119.7,Tstd:60.2,Bpos:111.5,Bstd:41.5,StrandBias:-0.4,Multiplicity:1.00
0.997	0.001	0.001	0.001
0.088	0.823	0.088	0.001
0.088	0.823	0.088	0.001
0.001	0.911	0.087	0.001
0.001	0.001	0.175	0.823
0.736	0.175	0.001	0.088
0.088	0.088	0.823	0.001
0.001	0.354	0.644	0.001
0.088	0.001	0.908	0.003
0.823	0.088	0.088	0.001
0.001	0.001	0.911	0.087
0.823	0.088	0.088	0.001
>CACTTCCTGGTT	17-CACTTCCTGGTT	13.857614	-19.179055	0	T:21.0(0.08%),B:55.3(0.02%),P:1e-8	Tpos:92.6,Tstd:56.6,Bpos:106.8,Bstd:61.0,StrandBias:0.8,Multiplicity:1.33
0.001	0.997	0.001	0.001
0.997	0.001	0.001	0.001
0.001	0.997	0.001	0.001
0.001	0.001	0.001	0.997
0.001	0.166	0.001	0.832
0.001	0.997	0.001	0.001
0.001	0.997	0.001	0.001
0.001	0.077	0.001	0.921
0.001	0.001	0.997	0.001
0.001	0.001	0.997	0.001
0.001	0.001	0.001	0.997
0.001	0.001	0.001	0.997
>GTTGCTTTGATG	18-GTTGCTTTGATG	14.538914	-19.017623	0	T:7.0(0.03%),B:3.5(0.00%),P:1e-8	Tpos:107.4,Tstd:49.9,Bpos:117.6,Bstd:50.8,StrandBias:-10.0,Multiplicity:1.00
0.001	0.001	0.997	0.001
0.001	0.001	0.001	0.997
0.001	0.001	0.001	0.997
0.001	0.001	0.997	0.001
0.001	0.997	0.001	0.001
0.001	0.001	0.001	0.997
0.001	0.001	0.001	0.997
0.001	0.001	0.001	0.997
0.001	0.001	0.997	0.001
0.997	0.001	0.001	0.001
0.001	0.127	0.001	0.871
0.001	0.001	0.997	0.001
>GTCAGATGCAGG	19-GTCAGATGCAGG	12.355432	-17.964531	0	T:6.0(0.02%),B:2.9(0.00%),P:1e-7	Tpos:102.7,Tstd:55.8,Bpos:125.1,Bstd:25.2,StrandBias:1.0,Multiplicity:1.00
0.100	0.100	0.700	0.100
0.100	0.100	0.100	0.700
0.100	0.700	0.100	0.100
0.700	0.100	0.100	0.100
0.100	0.100	0.700	0.100
0.700	0.100	0.100	0.100
0.100	0.100	0.100	0.700
0.100	0.100	0.700	0.100
0.100	0.700	0.100	0.100
0.700	0.100	0.100	0.100
0.100	0.100	0.700	0.100
0.100	0.100	0.700	0.100
>CAATTTAGGTTC	20-CAATTTAGGTTC	12.355432	-17.964531	0	T:6.0(0.02%),B:2.8(0.00%),P:1e-7	Tpos:133.2,Tstd:41.2,Bpos:136.2,Bstd:54.9,StrandBias:0.0,Multiplicity:1.00
0.100	0.700	0.100	0.100
0.700	0.100	0.100	0.100
0.700	0.100	0.100	0.100
0.100	0.100	0.100	0.700
0.100	0.100	0.100	0.700
0.100	0.100	0.100	0.700
0.700	0.100	0.100	0.100
0.100	0.100	0.700	0.100
0.100	0.100	0.700	0.100
0.100	0.100	0.100	0.700
0.100	0.100	0.100	0.700
0.100	0.700	0.100	0.100
>CACACCGAGACC	21-CACACCGAGACC	12.250117	-17.695360	0	T:5.0(0.02%),B:1.2(0.00%),P:1e-7	Tpos:103.6,Tstd:40.3,Bpos:38.0,Bstd:0.0,StrandBias:2.8,Multiplicity:1.60
0.197	0.528	0.135	0.140
0.800	0.097	0.102	0.001
0.060	0.896	0.003	0.041
0.725	0.014	0.112	0.149
0.001	0.851	0.074	0.074
0.001	0.888	0.074	0.037
0.001	0.001	0.997	0.001
0.513	0.149	0.189	0.149
0.344	0.013	0.606	0.037
0.867	0.023	0.060	0.050
0.272	0.465	0.129	0.135
0.075	0.847	0.037	0.041
>GCTACATTGCAC	22-GCTACATTGCAC	12.355432	-14.293296	0	T:5.0(0.02%),B:2.9(0.00%),P:1e-6	Tpos:102.2,Tstd:49.3,Bpos:110.3,Bstd:54.1,StrandBias:2.8,Multiplicity:1.60
0.100	0.100	0.700	0.100
0.100	0.700	0.100	0.100
0.100	0.100	0.100	0.700
0.700	0.100	0.100	0.100
0.100	0.700	0.100	0.100
0.700	0.100	0.100	0.100
0.100	0.100	0.100	0.700
0.100	0.100	0.100	0.700
0.100	0.100	0.700	0.100
0.100	0.700	0.100	0.100
0.700	0.100	0.100	0.100
0.100	0.700	0.100	0.100
>TATAGATATATA	23-TATAGATATATA	7.563151	-11.328454	0	T:958.0(3.49%),B:10893.6(3.04%),P:1e-4	Tpos:100.7,Tstd:56.5,Bpos:100.5,Bstd:53.6,StrandBias:-0.0,Multiplicity:1.13
0.126	0.075	0.039	0.760
0.913	0.082	0.003	0.002
0.032	0.094	0.168	0.706
0.909	0.017	0.003	0.071
0.009	0.057	0.878	0.056
0.542	0.014	0.092	0.352
0.103	0.090	0.039	0.768
0.822	0.074	0.086	0.018
0.160	0.188	0.042	0.610
0.666	0.109	0.209	0.016
0.068	0.125	0.085	0.722
0.704	0.166	0.049	0.081
>GGCTTGGCTGGC	24-GGCTTGGCTGGC	12.745596	-10.440666	0	T:38.0(0.14%),B:236.6(0.07%),P:1e-4	Tpos:89.1,Tstd:52.7,Bpos:99.3,Bstd:56.4,StrandBias:1.4,Multiplicity:1.89
0.082	0.001	0.916	0.001
0.065	0.001	0.817	0.117
0.001	0.997	0.001	0.001
0.001	0.161	0.001	0.837
0.001	0.001	0.001	0.997
0.001	0.001	0.997	0.001
0.001	0.001	0.997	0.001
0.001	0.997	0.001	0.001
0.001	0.001	0.036	0.962
0.001	0.001	0.997	0.001
0.072	0.001	0.926	0.001
0.001	0.997	0.001	0.001
>ACCCTAACCCTA	25-ACCCTAACCCTA	12.355432	-5.318053	0	T:5.0(0.02%),B:14.3(0.00%),P:1e-2	Tpos:99.2,Tstd:56.8,Bpos:96.6,Bstd:34.9,StrandBias:0.3,Multiplicity:12.80
0.700	0.100	0.100	0.100
0.100	0.700	0.100	0.100
0.100	0.700	0.100	0.100
0.100	0.700	0.100	0.100
0.100	0.100	0.100	0.700
0.700	0.100	0.100	0.100
0.700	0.100	0.100	0.100
0.100	0.700	0.100	0.100
0.100	0.700	0.100	0.100
0.100	0.700	0.100	0.100
0.100	0.100	0.100	0.700
0.700	0.100	0.100	0.100
>TGACTCAT	1-TGACTCAT	7.762491	-59.457229	0	T:2695.0(9.83%),B:28739.8(8.03%),P:1e-25	Tpos:100.9,Tstd:47.0,Bpos:101.0,Bstd:49.5,StrandBias:-0.0,Multiplicity:1.09
0.001	0.001	0.001	0.997
0.001	0.001	0.943	0.055
0.997	0.001	0.001	0.001
0.130	0.577	0.182	0.111
0.023	0.001	0.001	0.975
0.083	0.915	0.001	0.001
0.997	0.001	0.001	0.001
0.031	0.086	0.061	0.822
>GKATTGCA	2-GKATTGCA	5.940866	-28.711670	0	T:3829.0(13.96%),B:44744.1(12.50%),P:1e-12	Tpos:98.7,Tstd:55.0,Bpos:99.8,Bstd:56.2,StrandBias:0.1,Multiplicity:1.11
0.066	0.084	0.842	0.008
0.057	0.001	0.402	0.540
0.785	0.180	0.001	0.034
0.193	0.066	0.131	0.610
0.003	0.205	0.114	0.678
0.169	0.055	0.775	0.001
0.046	0.589	0.156	0.209
0.767	0.001	0.001	0.231
>TTACATAA	3-TTACATAA	9.090193	-22.737529	0	T:1038.0(3.78%),B:11095.9(3.10%),P:1e-9	Tpos:101.7,Tstd:54.0,Bpos:100.1,Bstd:53.3,StrandBias:0.1,Multiplicity:1.04
0.001	0.001	0.001	0.997
0.001	0.001	0.001	0.997
0.997	0.001	0.001	0.001
0.001	0.825	0.001	0.173
0.997	0.001	0.001	0.001
0.001	0.001	0.167	0.831
0.997	0.001	0.001	0.001
0.997	0.001	0.001	0.001
>GCGTGGTG	4-GCGTGGTG	5.738250	-22.711331	0	T:3080.0(11.23%),B:36015.3(10.06%),P:1e-9	Tpos:100.0,Tstd:55.1,Bpos:100.2,Bstd:57.3,StrandBias:-0.1,Multiplicity:1.07
0.034	0.035	0.836	0.095
0.076	0.882	0.041	0.001
0.066	0.095	0.838	0.001
0.033	0.048	0.049	0.870
0.074	0.012	0.913	0.001
0.072	0.047	0.860	0.021
0.001	0.001	0.001	0.997
0.001	0.057	0.874	0.068
>AGATCGAG	5-AGATCGAG	5.520057	-22.533036	0	T:4201.0(15.32%),B:50044.8(13.98%),P:1e-9	Tpos:100.2,Tstd:55.3,Bpos:100.2,Bstd:57.1,StrandBias:-0.1,Multiplicity:1.13
0.729	0.042	0.125	0.104
0.071	0.060	0.848	0.021
0.744	0.072	0.096	0.088
0.058	0.245	0.093	0.604
0.161	0.688	0.033	0.118
0.095	0.008	0.825	0.072
0.757	0.107	0.070	0.066
0.078	0.063	0.813	0.046
>RGGHGGVG	6-RGGHGGVG	4.719105	-20.610393	0	T:3171.0(11.56%),B:37363.7(10.44%),P:1e-8	Tpos:101.3,Tstd:52.5,Bpos:100.0,Bstd:55.5,StrandBias:0.0,Multiplicity:1.17
0.365	0.100	0.397	0.138
0.015	0.262	0.663	0.060
0.200	0.165	0.462	0.173
0.200	0.345	0.149	0.305
0.254	0.097	0.648	0.001
0.022	0.078	0.663	0.237
0.346	0.300	0.198	0.157
0.258	0.001	0.473	0.268
>ACAATCGA	7-ACAATCGA	7.066910	-19.362919	0	T:1086.0(3.96%),B:11867.7(3.32%),P:1e-8	Tpos:99.6,Tstd:54.3,Bpos:99.9,Bstd:55.7,StrandBias:-0.1,Multiplicity:1.04
0.945	0.001	0.053	0.001
0.056	0.907	0.036	0.001
0.975	0.023	0.001	0.001
0.906	0.001	0.092	0.001
0.087	0.028	0.001	0.884
0.154	0.642	0.118	0.086
0.132	0.104	0.763	0.001
0.973	0.001	0.025	0.001
>AAAAAAAA	8-AAAAAAAA	8.236954	-19.042206	0	T:1740.0(6.34%),B:19813.0(5.54%),P:1e-8	Tpos:100.0,Tstd:64.9,Bpos:99.1,Bstd:63.7,StrandBias:-0.1,Multiplicity:1.07
0.700	0.100	0.100	0.100
0.700	0.100	0.100	0.100
0.700	0.100	0.100	0.100
0.700	0.100	0.100	0.100
0.700	0.100	0.100	0.100
0.700	0.100	0.100	0.100
0.700	0.100	0.100	0.100
0.700	0.100	0.100	0.100
>GTRGGCGG	9-GTRGGCGG	6.385601	-18.715538	0	T:4849.0(17.68%),B:58694.5(16.40%),P:1e-8	Tpos:98.6,Tstd:53.2,Bpos:100.4,Bstd:56.7,StrandBias:0.0,Multiplicity:1.16
0.001	0.119	0.754	0.126
0.001	0.001	0.229	0.769
0.431	0.001	0.567	0.001
0.139	0.007	0.853	0.001
0.066	0.001	0.672	0.261
0.165	0.443	0.212	0.179
0.001	0.001	0.997	0.001
0.001	0.249	0.693	0.057
>GGCGGGGC	10-GGCGGGGC	4.003475	-18.346225	0	T:1417.0(5.17%),B:15930.2(4.45%),P:1e-7	Tpos:99.9,Tstd:53.5,Bpos:100.5,Bstd:55.7,StrandBias:0.1,Multiplicity:1.36
0.001	0.001	0.997	0.001
0.001	0.001	0.997	0.001
0.001	0.997	0.001	0.001
0.001	0.001	0.997	0.001
0.001	0.084	0.834	0.081
0.099	0.001	0.899	0.001
0.001	0.001	0.944	0.054
0.001	0.997	0.001	0.001
>GTCGCCAA	11-GTCGCCAA	3.373670	-18.296029	0	T:2505.0(9.13%),B:29315.7(8.19%),P:1e-7	Tpos:99.6,Tstd:54.7,Bpos:100.2,Bstd:57.4,StrandBias:0.0,Multiplicity:1.04
0.001	0.001	0.997	0.001
0.001	0.013	0.001	0.985
0.001	0.997	0.001	0.001
0.218	0.001	0.780	0.001
0.035	0.568	0.001	0.396
0.001	0.997	0.001	0.001
0.718	0.280	0.001	0.001
0.997	0.001	0.001	0.001
>ATGAACCA	12-ATGAACCA	8.236954	-12.155530	0	T:238.0(0.87%),B:2300.9(0.64%),P:1e-5	Tpos:104.1,Tstd:54.1,Bpos:99.4,Bstd:55.5,StrandBias:0.3,Multiplicity:1.04
0.700	0.100	0.100	0.100
0.100	0.100	0.100	0.700
0.100	0.100	0.700	0.100
0.700	0.100	0.100	0.100
0.700	0.100	0.100	0.100
0.100	0.700	0.100	0.100
0.100	0.700	0.100	0.100
0.700	0.100	0.100	0.100
>TCGCTCTT	13-TCGCTCTT	8.236954	-11.657701	0	T:101.0(0.37%),B:829.3(0.23%),P:1e-5	Tpos:82.7,Tstd:52.1,Bpos:97.2,Bstd:55.8,StrandBias:0.4,Multiplicity:1.00
0.100	0.100	0.100	0.700
0.100	0.700	0.100	0.100
0.100	0.100	0.700	0.100
0.100	0.700	0.100	0.100
0.100	0.100	0.100	0.700
0.100	0.700	0.100	0.100
0.100	0.100	0.100	0.700
0.100	0.100	0.100	0.700
>ACCCTAAC	14-ACCCTAAC	8.236954	-5.405824	0	T:106.0(0.39%),B:1058.7(0.30%),P:1e-2	Tpos:105.3,Tstd:57.9,Bpos:98.3,Bstd:57.7,StrandBias:-0.0,Multiplicity:1.67
0.700	0.100	0.100	0.100
0.100	0.700	0.100	0.100
0.100	0.700	0.100	0.100
0.100	0.700	0.100	0.100
0.100	0.100	0.100	0.700
0.700	0.100	0.100	0.100
0.700	0.100	0.100	0.100
0.100	0.700	0.100	0.100
>ATATATAT	15-ATATATAT	8.236954	-2.230890	0	T:189.0(0.69%),B:2247.1(0.63%),P:1e0	Tpos:104.3,Tstd:57.8,Bpos:101.5,Bstd:56.0,StrandBias:0.0,Multiplicity:1.18
0.700	0.100	0.100	0.100
0.100	0.100	0.100	0.700
0.700	0.100	0.100	0.100
0.100	0.100	0.100	0.700
0.700	0.100	0.100	0.100
0.100	0.100	0.100	0.700
0.700	0.100	0.100	0.100
0.100	0.100	0.100	0.700
