>TGACTCAT	1-TGACTCAT	7.762491	-59.457229	0	T:2695.0(9.83%),B:28739.8(8.03%),P:1e-25	Tpos:100.9,Tstd:47.0,Bpos:101.0,Bstd:49.5,StrandBias:-0.0,Multiplicity:1.09
0.001	0.001	0.001	0.997
0.001	0.001	0.943	0.055
0.997	0.001	0.001	0.001
0.130	0.577	0.182	0.111
0.023	0.001	0.001	0.975
0.083	0.915	0.001	0.001
0.997	0.001	0.001	0.001
0.031	0.086	0.061	0.822
>GKATTGCA	2-GKATTGCA	5.940866	-28.711670	0	T:3829.0(13.96%),B:44744.1(12.50%),P:1e-12	Tpos:98.7,Tstd:55.0,Bpos:99.8,Bstd:56.2,StrandBias:0.1,Multiplicity:1.11
0.066	0.084	0.842	0.008
0.057	0.001	0.402	0.540
0.785	0.180	0.001	0.034
0.193	0.066	0.131	0.610
0.003	0.205	0.114	0.678
0.169	0.055	0.775	0.001
0.046	0.589	0.156	0.209
0.767	0.001	0.001	0.231
>TTACATAA	3-TTACATAA	9.090193	-22.737529	0	T:1038.0(3.78%),B:11095.9(3.10%),P:1e-9	Tpos:101.7,Tstd:54.0,Bpos:100.1,Bstd:53.3,StrandBias:0.1,Multiplicity:1.04
0.001	0.001	0.001	0.997
0.001	0.001	0.001	0.997
0.997	0.001	0.001	0.001
0.001	0.825	0.001	0.173
0.997	0.001	0.001	0.001
0.001	0.001	0.167	0.831
0.997	0.001	0.001	0.001
0.997	0.001	0.001	0.001
>GCGTGGTG	4-GCGTGGTG	5.738250	-22.711331	0	T:3080.0(11.23%),B:36015.3(10.06%),P:1e-9	Tpos:100.0,Tstd:55.1,Bpos:100.2,Bstd:57.3,StrandBias:-0.1,Multiplicity:1.07
0.034	0.035	0.836	0.095
0.076	0.882	0.041	0.001
0.066	0.095	0.838	0.001
0.033	0.048	0.049	0.870
0.074	0.012	0.913	0.001
0.072	0.047	0.860	0.021
0.001	0.001	0.001	0.997
0.001	0.057	0.874	0.068
>AGATCGAG	5-AGATCGAG	5.520057	-22.533036	0	T:4201.0(15.32%),B:50044.8(13.98%),P:1e-9	Tpos:100.2,Tstd:55.3,Bpos:100.2,Bstd:57.1,StrandBias:-0.1,Multiplicity:1.13
0.729	0.042	0.125	0.104
0.071	0.060	0.848	0.021
0.744	0.072	0.096	0.088
0.058	0.245	0.093	0.604
0.161	0.688	0.033	0.118
0.095	0.008	0.825	0.072
0.757	0.107	0.070	0.066
0.078	0.063	0.813	0.046
>RGGHGGVG	6-RGGHGGVG	4.719105	-20.610393	0	T:3171.0(11.56%),B:37363.7(10.44%),P:1e-8	Tpos:101.3,Tstd:52.5,Bpos:100.0,Bstd:55.5,StrandBias:0.0,Multiplicity:1.17
0.365	0.100	0.397	0.138
0.015	0.262	0.663	0.060
0.200	0.165	0.462	0.173
0.200	0.345	0.149	0.305
0.254	0.097	0.648	0.001
0.022	0.078	0.663	0.237
0.346	0.300	0.198	0.157
0.258	0.001	0.473	0.268
>ACAATCGA	7-ACAATCGA	7.066910	-19.362919	0	T:1086.0(3.96%),B:11867.7(3.32%),P:1e-8	Tpos:99.6,Tstd:54.3,Bpos:99.9,Bstd:55.7,StrandBias:-0.1,Multiplicity:1.04
0.945	0.001	0.053	0.001
0.056	0.907	0.036	0.001
0.975	0.023	0.001	0.001
0.906	0.001	0.092	0.001
0.087	0.028	0.001	0.884
0.154	0.642	0.118	0.086
0.132	0.104	0.763	0.001
0.973	0.001	0.025	0.001
>AAAAAAAA	8-AAAAAAAA	8.236954	-19.042206	0	T:1740.0(6.34%),B:19813.0(5.54%),P:1e-8	Tpos:100.0,Tstd:64.9,Bpos:99.1,Bstd:63.7,StrandBias:-0.1,Multiplicity:1.07
0.700	0.100	0.100	0.100
0.700	0.100	0.100	0.100
0.700	0.100	0.100	0.100
0.700	0.100	0.100	0.100
0.700	0.100	0.100	0.100
0.700	0.100	0.100	0.100
0.700	0.100	0.100	0.100
0.700	0.100	0.100	0.100
>GTRGGCGG	9-GTRGGCGG	6.385601	-18.715538	0	T:4849.0(17.68%),B:58694.5(16.40%),P:1e-8	Tpos:98.6,Tstd:53.2,Bpos:100.4,Bstd:56.7,StrandBias:0.0,Multiplicity:1.16
0.001	0.119	0.754	0.126
0.001	0.001	0.229	0.769
0.431	0.001	0.567	0.001
0.139	0.007	0.853	0.001
0.066	0.001	0.672	0.261
0.165	0.443	0.212	0.179
0.001	0.001	0.997	0.001
0.001	0.249	0.693	0.057
>GGCGGGGC	10-GGCGGGGC	4.003475	-18.346225	0	T:1417.0(5.17%),B:15930.2(4.45%),P:1e-7	Tpos:99.9,Tstd:53.5,Bpos:100.5,Bstd:55.7,StrandBias:0.1,Multiplicity:1.36
0.001	0.001	0.997	0.001
0.001	0.001	0.997	0.001
0.001	0.997	0.001	0.001
0.001	0.001	0.997	0.001
0.001	0.084	0.834	0.081
0.099	0.001	0.899	0.001
0.001	0.001	0.944	0.054
0.001	0.997	0.001	0.001
>GTCGCCAA	11-GTCGCCAA	3.373670	-18.296029	0	T:2505.0(9.13%),B:29315.7(8.19%),P:1e-7	Tpos:99.6,Tstd:54.7,Bpos:100.2,Bstd:57.4,StrandBias:0.0,Multiplicity:1.04
0.001	0.001	0.997	0.001
0.001	0.013	0.001	0.985
0.001	0.997	0.001	0.001
0.218	0.001	0.780	0.001
0.035	0.568	0.001	0.396
0.001	0.997	0.001	0.001
0.718	0.280	0.001	0.001
0.997	0.001	0.001	0.001
>ATGAACCA	12-ATGAACCA	8.236954	-12.155530	0	T:238.0(0.87%),B:2300.9(0.64%),P:1e-5	Tpos:104.1,Tstd:54.1,Bpos:99.4,Bstd:55.5,StrandBias:0.3,Multiplicity:1.04
0.700	0.100	0.100	0.100
0.100	0.100	0.100	0.700
0.100	0.100	0.700	0.100
0.700	0.100	0.100	0.100
0.700	0.100	0.100	0.100
0.100	0.700	0.100	0.100
0.100	0.700	0.100	0.100
0.700	0.100	0.100	0.100
>TCGCTCTT	13-TCGCTCTT	8.236954	-11.657701	0	T:101.0(0.37%),B:829.3(0.23%),P:1e-5	Tpos:82.7,Tstd:52.1,Bpos:97.2,Bstd:55.8,StrandBias:0.4,Multiplicity:1.00
0.100	0.100	0.100	0.700
0.100	0.700	0.100	0.100
0.100	0.100	0.700	0.100
0.100	0.700	0.100	0.100
0.100	0.100	0.100	0.700
0.100	0.700	0.100	0.100
0.100	0.100	0.100	0.700
0.100	0.100	0.100	0.700
>ACCCTAAC	14-ACCCTAAC	8.236954	-5.405824	0	T:106.0(0.39%),B:1058.7(0.30%),P:1e-2	Tpos:105.3,Tstd:57.9,Bpos:98.3,Bstd:57.7,StrandBias:-0.0,Multiplicity:1.67
0.700	0.100	0.100	0.100
0.100	0.700	0.100	0.100
0.100	0.700	0.100	0.100
0.100	0.700	0.100	0.100
0.100	0.100	0.100	0.700
0.700	0.100	0.100	0.100
0.700	0.100	0.100	0.100
0.100	0.700	0.100	0.100
>ATATATAT	15-ATATATAT	8.236954	-2.230890	0	T:189.0(0.69%),B:2247.1(0.63%),P:1e0	Tpos:104.3,Tstd:57.8,Bpos:101.5,Bstd:56.0,StrandBias:0.0,Multiplicity:1.18
0.700	0.100	0.100	0.100
0.100	0.100	0.100	0.700
0.700	0.100	0.100	0.100
0.100	0.100	0.100	0.700
0.700	0.100	0.100	0.100
0.100	0.100	0.100	0.700
0.700	0.100	0.100	0.100
0.100	0.100	0.100	0.700
